12.7682005086549
13.0918713900906
11.3858546450382
21.0066100658394
21.4037454896543
17.6981999223933
13.6584863881442
9.16908204710243
17.9497505300427
18.4988198433556
10.5462299215225
11.388346340752
15.7903320867816
20.0192470430479
7.99758410750787
17.5758060553679
12.4811486170695
28.182419014303
19.4131914901321
13.2384349348197
17.8895160001399
9.9087156385281
10.7194332365908
13.2153647384533
24.6474889851274
9.95632266379234
14.9080814187433
5.84482140673251
12.1699940257196
11.6031631144152
14.8067393642429
0.928053733373797
15.7040604390091
17.6882484495733
25.6950634455542
21.5884635933894
4.44309699652359
14.6597191374279
16.3293312886591
9.80409032275021
13.0761493672893
12.9809132994788
11.0642236560189
7.30933967196417
11.1501864180001
13.0987839993405
21.7132196609688
11.5591997309376
14.7686785656694
11.8086211950017
11.3734698886599
-3.97113365727488
17.7998763526288
6.04856518817986
12.9383682844972
9.6010453516232
9.22555960897979
15.875325566702
22.5351860931563
12.8750041546128
8.91358178766823
22.386703529017
15.5968641395809
10.3388387689035
13.2135516183675
6.02236418161202
14.6329116531205
10.6125826131573
15.6412674151229
12.125746094419
15.2505269834385
11.3369023751744
11.8203059272418
9.29565531178351
19.9828139283306
23.7651152356426
14.1366938818262
17.068075931354
9.38791908686583
7.42447429559863
1.09136281293642
11.567746743276
18.9548214432205
3.26533378239707
11.6027079249499
5.32326801515995
9.98933150022792
16.2529879847699
21.8227559246021
17.6724335199177
2.21922417905654
13.3174078132027
19.7925440587806
6.45082378339424
21.5103680376671
17.9266752528884
15.1405173740227
5.95209564454376
11.5804256115232
3.77902512449526
