9.74524030051695
9.74590596234225
9.5442503735729
27.8391351724157
-8.29521885011137
12.108685525557
16.9407659493112
18.953933441717
12.5197107636031
16.5465343732218
27.4042100459833
13.8587309129129
12.2818629988815
12.4892171335465
11.6871835994486
17.2607214710804
15.9076204911983
10.0142471553261
2.77545426128831
10.1174485876035
-8.77449199574253
20.1503278988304
12.7430868394152
16.7964563720812
6.39931407340254
16.690840362771
7.83725376561594
3.0715059702348
12.8160347559726
15.9791478556794
4.84861680187095
9.04914604389216
13.4755968926773
27.1687672014712
12.2500525960283
8.8635523109895
8.36430256777932
2.79965479197076
17.0519406391763
21.2661101916369
19.331031920413
7.33897834480308
11.5385036890175
8.56124616585215
17.9568410289559
27.6351143350177
14.6012627575534
17.8011448657524
23.5288261753134
21.4942792750723
13.5577518054622
20.3086871226596
6.78136466508708
10.1946651128425
2.61147573042883
7.9396478040926
14.2401960219625
11.9040932706065
20.3573060754475
15.6341118187298
7.90555236894914
12.3045681736397
19.0236629436864
16.2446491584261
9.33356732251618
21.0336389715641
18.9560519842217
7.85524704270442
15.0556244112454
15.0309596389577
12.6576419589156
11.4516138147742
8.95200212645546
2.36869492600758
16.5808766085707
12.5822563726043
4.07034491988857
12.6175489199039
14.7774578435017
31.5124741079966
3.77230567555394
19.7341842313674
15.757914567472
10.3947722803587
19.0021650194824
15.9566157001255
14.4449837963321
20.9022542660656
17.8066322122192
4.56765637293436
28.9452635907738
19.1780182459457
13.2066687457886
12.8812213183631
11.9748126199522
24.1308624041113
12.6582072964494
10.9167949727387
12.2126420639563
9.25196331626082
