31.7410778746187
17.5123713234126
13.2537946167731
3.30292178022941
16.4773139928971
14.6991856917167
23.7613369512023
3.09717431523576
16.101393722039
1.57405717173654
9.3381235549979
10.5670529964173
-0.797623160284541
16.602488655824
17.7696547562867
-8.34943799331028
13.3993373445295
-1.9421407273298
21.0565146383308
9.62651572861899
-9.38974660363112
3.47910447659211
7.14634603904025
8.32962166126256
4.02611174402026
2.94835358894119
2.1416240319477
14.6186867538998
22.0023816118397
17.1726767186861
4.42482982387671
9.82780323528403
11.6988514830685
16.7896346884771
8.15036057665396
-2.24301363662042
34.0857810989049
5.7494482215182
18.5555244434221
14.8603984666255
-4.3995725368922
24.5500373120663
-9.40930096541461
-0.746002505156262
15.6911967506754
5.41607766502636
-4.44320637626565
19.0791231137859
14.6893321981982
3.87410004188902
9.8820779873489
-1.39471600109768
19.3631049569839
1.53486319643534
5.0311011253511
23.8949049362142
1.10617514458527
11.2571444175186
33.7174643373015
15.9401708351937
29.7424618303397
20.0185753304898
1.8028286129527
3.42735562552864
12.4531740485771
4.95209883598861
12.640919289888
2.70918324841929
7.44953834996416
17.2964183130076
28.1618825307952
14.1037317581457
26.3266002921225
-3.39375417192337
17.1912261119528
17.6261982084723
20.7387708125565
4.36579405374386
9.48416459512285
14.3029553982611
11.1402027722288
4.01428590207787
4.88667106662855
13.9703855845595
22.198585508797
16.447685153879
11.8777485728974
1.40484052912545
2.17391701992722
9.70743671513006
1.31313088468406
-3.33787454754606
12.7085473377559
11.3341897454858
2.60735522086221
23.2752629131802
-0.238583030007957
7.56157835552929
0.786507046069936
37.3764270964854
