3.94061774187718
4.52535650195032
8.41138937564848
4.63671547328811
0.966052024696616
8.38971982199708
7.74228101272827
3.92016422516519
5.00732326433083
6.31878753310919
6.09909834955214
6.84148049204994
4.44525248423314
4.13344116846578
7.68613636341254
4.8661519459453
4.14458886598411
4.55643517488378
4.4432564636113
2.9813563968976
4.56642179073761
4.11368735387116
6.89613572924473
1.32237742429461
6.65769359605969
5.53826824830043
6.97890794007975
2.3676721230733
8.12329249347055
4.69624195696389
4.32550965264456
0.85164889557364
5.10947265949859
2.68688354433137
5.47768529068864
2.91279795933384
3.21101501460196
5.98870468430226
3.27717136032536
5.38010190314564
6.48281353353127
6.13934420399631
9.90230475956537
7.73016427305283
3.44083052713793
4.05512795394372
4.84960208244056
0.775441903380015
4.84451598992488
5.36969397024155
6.23859079259301
9.44925648361664
9.76067125802548
7.64191363734387
8.42808142386053
7.14303803153137
8.94883450639984
2.31811027871803
5.88163798105835
6.22791961459166
2.58694519050763
5.69259620940854
5.46707874020914
2.6191659065635
4.73978139511749
4.74414940263641
3.31079220697438
3.99092213430065
5.36679164825409
3.25507302536196
3.97561267165371
5.94815888310219
5.9585892080531
4.59799875982686
5.10073960245627
3.83649863682288
4.42150324484364
3.26191071271413
4.55612435258328
5.11409365246278
4.7596920676806
2.3986416387228
6.22950295246932
7.23041505133893
1.43771383347339
7.90672575376007
7.11959244514078
4.71483062326465
5.66796688953782
2.98132050699261
5.23950356300134
3.44979413478134
4.61197648838042
4.38061963405714
3.80527152622633
3.67057606127194
6.11931580314961
3.30431693746044
8.54378564980252
1.5165469802903
