10.565785162487
9.41201179569677
12.1182228796525
12.2481471694071
14.7477267535322
10.2282605024958
15.6423943988616
17.0030784046284
19.7236444688457
13.5733059799149
16.339930284269
18.3315946110668
15.9253978420213
18.6859328491761
18.7735517692313
13.3488298158976
19.3777332827352
16.0443102767344
15.9787231230761
22.6122333521932
13.5864602593378
11.3204966270851
10.4042035002764
8.98885213006671
20.5088718273086
10.0266178698288
16.8061867860454
18.2614322290813
17.8004511567732
15.442604556742
14.3945598634464
17.4493746669986
10.9990593663511
15.4619085475206
15.4332136795395
19.0191267510618
18.3834694535466
13.8307517386035
12.2398030779256
13.9166195566455
18.8477425747205
13.6089045533997
16.2506008851563
18.3215937077424
14.9516352513711
13.4633022508011
19.3819459181638
13.4942284160194
18.4716334034776
13.5375852545972
8.32425302181952
16.2052097667951
15.5023764072872
12.2825460659496
19.3862110233057
12.9655750214495
13.9419977174372
19.739707480978
9.61405252890738
13.2401856837552
12.9123360284129
17.7500810619748
10.9821627139034
17.1410049765302
19.2382081667552
14.9622395871937
19.2358914426269
15.1242205656458
12.6109648648944
13.9748903893952
12.067660289997
13.8905384144479
15.8039221079883
14.2450232760351
12.652363473066
16.5022948569358
14.9361268845438
18.8001627535056
14.5900126795752
19.8004743109429
15.1706679717996
11.9616063346445
13.5378467315613
15.9993277070062
8.72475404689621
15.9430771635375
18.0755111912212
14.9983369670821
13.074592541242
16.6620248746944
14.0498436919162
11.5154537062378
14.4732999485907
13.5604526449844
14.2356692011114
18.9539517041173
17.1863863000503
16.2275309372104
16.0706736964737
10.8571759928103
