4.55299525235971
11.8813869643618
10.1864815732373
3.7470184972911
17.3863705120661
3.16588906608547
11.1377557935216
7.64378698440955
17.5286041115543
11.5150783370701
8.26108040823367
0.16626855712491
-1.73595577357166
2.83757086155693
3.63457162331662
12.7765591521048
8.32535596160852
9.28678970108334
5.70641080690092
-0.528440637826487
2.3342381444793
13.275827356812
10.5378717863637
5.81902968095525
9.15352178002868
5.93018884566783
4.67475429628464
5.24539655244365
7.29338283364467
8.16960983617594
2.42077936300803
12.1733663502387
11.203156826079
9.8566688325581
5.65768674264004
8.4805762525797
4.32917091466166
11.271015063974
5.47258385666433
6.19269641134888
4.99627615365782
11.3636983427243
8.86456895554078
11.7570498307752
8.87450512659806
8.61076693857796
11.237008650212
8.91444619262176
4.27236851819226
2.70762945960691
-1.02938594027638
5.05771241952957
16.6051586984929
8.33748440502965
7.32612304440397
9.41104244919433
14.3384800365108
12.815470098528
14.906753965873
8.12210490946384
11.5030357105079
6.68972691615897
8.08483124065656
3.14796269686387
11.8926348495071
3.16018670074644
4.86012241047075
7.68728432450446
0.630126390476576
4.78193739086429
7.14044112313072
7.09513952852113
8.80693949206518
8.54298500396335
10.6129041445939
6.78262273688906
4.72554736064928
7.99034120924006
7.37618355898267
10.0832317248517
8.2993598799831
10.278718918762
8.58590674236227
2.3002158455373
8.73371084319692
7.45337117269196
15.9477420160307
8.05363445893515
6.38027814427116
9.42997337005967
3.74442251904673
9.02708827923675
7.72058645098445
10.0012159573433
10.0650381348122
7.89924356683557
3.48805736533987
3.84282914783904
6.29675373772894
13.8841736815747
