6.2810320733418
5.09148576650677
5.22345799032633
3.97132125391427
3.82692565052849
6.85187417400072
5.179212201827
4.54414122932955
6.61301107304601
4.45754527360414
4.52722503134998
4.11211945943417
4.24033286421186
4.12783765428464
5.37044959484914
3.62948546161852
5.28788575362164
5.06408909538743
5.87976131270248
4.44252071472713
2.65405315576349
3.27794994001972
6.12585401243899
5.5693013201282
5.90642485348702
5.44826164370667
5.52331574706433
4.37039532853892
5.51581055122243
4.53071782890687
6.05384585561848
5.43814322448383
3.82814411807347
5.74570081237052
3.71794350965479
5.88339793373285
5.04102354964
6.55873865656487
4.82210783492284
4.71704816185811
5.3015964121441
4.35935649783094
3.10733610409445
5.40044760978968
4.13184067372729
5.21329915865692
2.62875601264011
5.15518073894379
7.58397603302603
5.02003700027964
4.20755269431865
3.97666124110865
6.48616005861653
5.56599423114372
3.9250847635972
5.29184506011932
5.16457438927784
6.11563040186096
3.32916277405394
3.59464535392256
4.66719915695292
6.21861488388064
4.72492148941184
4.38080726923123
6.22929789382476
4.95294653484876
5.06597671104088
3.88442586392028
5.27209470737822
6.20462884699055
5.74698542954858
3.55741485688339
4.61798957810569
5.79613415368032
6.51751874016993
6.48446518034942
3.9333691312561
4.01278599235333
4.47684913222633
4.2037868238435
5.22599511550016
3.93225944404404
5.01992823691672
6.62855071555441
6.38007760991179
5.41162667421889
4.55716090652558
2.45673457357439
5.57967088045984
1.75250113391135
4.2224044470387
6.77014909555826
5.43154960429047
3.75146797551848
4.71339876633372
5.81599574907149
4.66132216535723
4.4805092674763
3.34704648496725
4.60289564601078
