12.0177963851515
20.2316654864891
7.61074277872803
13.5053459989994
2.2954719729187
21.1021611348885
25.5895082519139
4.64486182345213
7.03021225186671
14.9270012171794
13.36961623217
16.2646977169561
16.8020375484359
16.3157222988547
10.5618988571546
19.2119404227583
-6.2916974519052
7.00913105838018
4.50955131960585
10.3811397087665
-4.09143666915083
20.5968148672189
13.8991760889511
-4.05161074567058
0.100918376625073
10.168063972599
11.9507157576786
35.673018257582
4.29287560396843
10.0165891619486
0.322855323879777
6.73726146170119
-1.3465276885147
10.2314766677141
6.84039856068111
16.9437024534973
10.0738524151094
13.4311404587291
3.26598839189966
4.29628145803055
20.610602349002
6.19159817041745
14.9680563935147
12.2918111931933
9.22016778627536
10.0363135805713
9.79396408616255
2.58483908719284
16.717876150049
20.2407832702991
14.3320614461586
13.3186748834347
6.95762685706097
7.74734506016447
6.71019381703522
6.39837851683741
21.4316077637933
11.2335214918084
4.14382142242611
8.24699896928533
14.9263870058589
11.1254582020062
6.67301171044358
-6.4660676616032
2.39117468101984
17.3541006929322
5.47267145800251
10.3062015150255
7.57339708330164
9.4440503650216
2.39824059271068
19.5999444432055
4.55570444104756
5.64627418267741
11.8407354308891
6.70033681464257
14.922629807987
2.08758110322086
3.15980021833017
12.8309062177149
12.9506612563028
1.16768607840377
10.6653259474483
13.4724022212583
7.95131182595571
12.1026997232195
6.4787404214947
19.5892544932524
10.5228701655571
17.9469461515409
20.4856778364268
15.3401293326825
1.67344319421371
25.8221009853785
3.66169362052221
10.1057112664764
-0.506334098823325
19.3016173362185
8.06864037472859
-0.705716139707665
