18.6703003623734
24.0658620048806
15.1688939013605
8.67756842273729
3.21228126637633
16.1164160975977
5.33671242521821
12.3648208791561
35.7589699605653
21.3523132635655
20.6751217131633
30.0424824903919
23.2948855090318
15.3929207722141
2.44429230666283
34.6668708132067
9.01754643320579
7.99198300678146
8.07521314863013
-5.47021879945635
10.4972949691138
1.47258398617851
13.437151925978
16.8847240011481
11.7532806397435
1.25326165216392
15.601252518067
28.8203747011176
19.7847807135957
3.88300056854985
28.7377387788515
8.87969592397342
19.0160323895355
20.7247336448893
16.1933139534783
19.781358947784
19.2865778456775
12.3498858331018
12.5942143554931
16.0891002061827
9.21173416606437
8.93330291076855
5.08096038166469
19.0170530568265
9.32998380612447
-5.587312972302
11.8542991459981
17.7626561026171
-9.7192670140542
7.13507174091496
17.0610955078463
12.038772143188
17.6066858972103
5.68825801789107
14.5239398283944
-9.20302063036716
12.8807787499381
-5.16622718901945
8.0840251722285
26.4897743483659
4.16686855311901
27.949334422994
4.63530997628348
12.1560659367766
3.00881312109334
17.0015122791194
24.9747612760452
25.9998261042584
1.6681051351135
37.2998866627184
-12.5113885200465
-7.97073856090671
-0.605406395195626
-1.81990142532873
7.73994007736546
38.7050640034055
4.38781057479016
18.2582693914007
23.2572586285961
34.9407058104584
8.35637764162855
1.97177525888481
13.3957550313106
23.6340206918006
21.8524602097017
10.476657949349
12.6137656600091
1.40066232808183
19.7913416678407
-4.25676105586041
13.2796444984378
25.6677830983681
8.01448176023482
6.83302878085965
23.3901150158852
18.592192559901
13.0169448649066
10.9783532534169
19.9869699625043
10.0460412519463
