15.4866462103114
13.3393620674479
14.0457190748325
15.1895605379413
13.6071641018085
13.4531416033525
13.3833741344196
14.7806686218384
16.3945929723676
15.8191110288663
14.3008963964753
14.4903105340184
14.2368793088354
15.7655964487488
15.030068678534
15.5835276093946
15.5827727037955
15.428281132728
15.9107765680439
14.344799344636
14.9271175124649
16.3029722996054
13.0066332738538
15.9685817676003
14.759865735423
14.5594289642561
14.5277863783792
14.7449661078015
14.8235873718552
14.1574056133318
15.7660964758123
13.7561440066385
13.0047725422575
14.6894712881389
15.6788607559026
15.1614532261347
15.6826713347479
16.1951883854091
16.5779388948614
14.8179208064982
15.2798221730386
15.696541748094
15.1323132681439
15.0467882829356
14.1033654225447
14.3305612214837
14.396770927784
15.1458715103318
15.5558904723183
15.5818303366384
16.4781565886842
15.2869391486775
13.3040500165268
15.2463973806324
13.2109579163368
15.2179172897826
15.5609448664666
15.1319302202884
14.0949753238599
15.80841267201
14.241177907086
14.8420524999273
14.7297114789111
14.7508419132784
15.0325603950574
14.6193096021485
15.6093872042614
14.3203436000592
16.8824513643228
15.2070674632352
13.5539691846232
15.4249348909677
15.2208104716497
16.5481927346465
14.7773750200992
15.1279005265704
15.4499736776407
16.7561435017177
15.6765448870661
12.9363365075093
14.8604197679867
15.4279357893366
14.4662282486318
16.3029707873505
16.0563026974429
14.1517047039756
16.0090157890657
16.4938567522715
14.6844805203779
14.9284189956561
14.4974454331517
16.1991804795339
13.9065548277988
13.2750114940216
13.9170786734044
15.9019149487667
15.5246358434432
15.5296191803311
13.825607707762
16.4574916779277
