-2.18030041609363
26.282246904763
12.61697138852
2.37002085815076
-10.6062015151942
-26.1699760996524
0.668123038575459
-4.26721000944938
-3.60413414494591
7.91203373300946
10.0182261431234
-17.9910512354313
9.19397572913916
13.3538518153233
13.1388224462468
13.5236069294526
5.82837787449191
30.0107217610151
7.36699693335973
3.97143289756047
-6.31698100873812
17.6125074764795
16.5199289377749
2.83944504897054
-5.82338680349256
15.8971652391328
17.8827422055064
-6.53247675443397
19.008611357728
-9.24406392389806
9.93858590792743
8.89552476243701
8.19651796262318
-0.173028425157947
13.6453341802809
-9.03637639644185
9.29781812612797
5.93368241424386
11.9043774978158
5.85023883490865
22.5521914054328
-5.43199686601673
16.3185525803099
12.1390212786528
10.3679805573998
5.54739491481964
15.6375800034672
7.86152754074397
-17.844412950217
0.420068656250262
11.0331615941143
7.81597424892207
-4.78037150291631
-1.44579647364102
1.12603757734029
10.0955385670682
13.6862499568647
9.39785673784152
6.06557922342541
-14.1752875802658
3.2640279422843
1.04987281614107
3.96724212371039
13.980707345818
6.03959087075817
12.0718572478298
-15.5822795927692
7.82281554783863
7.05169463455149
7.85758528540866
11.2119985927657
11.1544186178032
14.8733313293254
1.7630015964799
14.3104392439107
4.74384530595059
7.44183099594538
1.10907477451572
0.359613692844415
-10.852914916386
-4.48838524178926
1.61905356282896
-5.88733792009789
19.4371359763466
8.93345362775193
22.4072808309604
22.3911939097688
2.85973459903561
8.29850429573511
4.94553303048004
9.78348859696176
10.2536987664164
28.034550439802
9.82746183070049
4.71720750616731
21.4798610906738
1.9362762152204
12.6668485886394
0.681646860021451
7.27566967058264
