31.5338775854914
13.9195687987636
4.56977944093464
3.17514491511682
3.08779072696111
5.58698222014035
16.2007934132235
24.5640033036859
10.4318208635898
-7.44060452861681
20.4239040697158
24.3611842238434
22.5063848715034
8.96468744093525
-3.83022013787219
25.5914299554527
11.1130818525582
15.3429963842011
8.37553065888529
15.1163197751297
9.07912303126339
1.4503956901485
-5.20562273029559
8.73724846260261
2.68207948057114
7.1156015823482
29.335635564611
11.2244440000322
22.0115969748173
24.1937174955941
-8.28302730958158
6.59630832865221
14.7250465613518
8.72053988286823
17.8974816716611
16.9529065784957
10.7317212339431
11.2098930142183
9.77527012272237
11.4343407839838
17.5825258612318
19.0974810450257
13.3504062926013
8.35606931131396
-1.60873113419277
7.37584008709459
16.3670314637436
16.8556391301179
19.3368755417122
11.99147604037
7.31031113244902
13.023145984881
6.49299927725606
18.5617513260154
8.12918775143391
-6.60805703400889
3.43467455576546
12.0013140684184
11.408968138983
5.47236479374541
8.68771957324313
-7.73870325505144
3.87250457833895
4.59868747709468
-1.84007624570073
6.88798714609063
25.3678855147522
-1.11151563036939
26.2807309738394
12.8181479902624
28.7337495817938
-2.61942920118006
5.6075017077597
23.8906017957514
6.92623744500708
-4.76661040523883
9.86539944502447
7.24747180973967
24.6830257499481
7.32870157775747
13.0392826436887
12.817931469597
-1.07008058143166
13.9166713359546
10.8634108194031
17.3700049156056
5.21534135365732
14.9940297747933
28.1637718605963
4.83105314139052
6.57278542226568
13.8965041543912
17.6691964232544
21.3335590590101
19.9693254017326
12.6727580812661
19.419332654129
12.3711130735314
15.2397912355079
2.48432975294969
