12.4373060391928
13.0867541838797
11.7757916680059
15.708063075152
17.4922297769376
7.88315874570451
12.4083554128955
9.18341586998493
17.6124232122083
12.6840059266488
15.0096618479962
16.5009614100672
12.8554957016342
9.45820675262789
13.2893115059605
10.8283018253747
16.7171807232497
8.3558152996269
14.979708231862
8.17072376016312
12.8553790002657
12.8860160932709
11.846825253491
9.39564598093085
12.5150290938341
9.46499788774576
16.7297466179634
16.7371686031324
9.86381932910642
17.0331627692981
11.2330780565299
14.3425198364184
15.8702830910005
11.2762914807087
11.5297143252402
15.7041604364949
17.4121442659284
9.7000912835905
12.9032151695852
12.3184632761944
14.5151755982151
14.1626926529805
20.2415209849097
12.0688325106828
7.3842813867824
16.9098964002027
13.771087852842
10.9251621282276
11.5292252663631
6.70016880787266
13.5939430226569
8.54803864971456
11.1347813777533
7.47470260909142
11.0106460523827
12.042965071451
10.5889608990231
13.3020659681316
12.5074829534628
15.600526366016
17.1933238346402
17.8060876285422
13.8342423618019
9.4132700146066
12.4366059611613
10.9983119949852
16.5559140854378
18.2569057589477
11.116524181416
7.84834403092247
12.5939316065099
15.8420862618198
17.1313246272434
13.1023008055258
13.5876416411391
8.94026569427119
10.7192837007834
8.54867422253054
9.14150259830992
22.4861405596977
11.9706547949871
12.9667433102853
9.3909790917658
13.39831731098
10.4909271670781
9.02389503908852
14.5013744599198
13.533287113189
15.2764603150093
14.7272825777593
14.6588340320634
14.262232896453
10.5071958993167
15.8863220283087
12.0693464860703
9.47694522676461
6.42725261208645
6.09893348823497
11.3360297051565
9.67374463661055
