3.46112183523431
21.4121685851909
12.8020862220888
35.1143840810168
22.1893870068391
11.7365676239162
30.148059610086
21.9180843021133
33.2099919341223
17.9226007122805
27.2618037907465
32.1683573870186
12.7180868920375
12.1864386679717
2.36969844897963
6.59320808648874
10.5769171044865
20.2826430554326
13.3216766184379
23.6528902253344
2.37310607073501
15.2008596149862
27.1533914468983
25.86415344227
26.6973937160491
17.2661754349692
28.4901405436913
21.7972589130141
14.5260886771258
12.1998500975996
24.9500973731903
31.7766242826103
15.7832001809243
18.0075783905531
9.7014043877939
1.79945864446721
13.1210281325798
35.2579670280323
3.20708754728343
6.72158874346406
6.39905548938387
44.6512533076304
9.51656028649939
20.9017658098084
28.6626500245559
16.195620014038
14.674880593501
8.75432830072398
11.6461700750764
-6.89279597042959
-3.0209313703673
-12.5182968811231
23.0068296945557
19.3857754898392
13.9365031567395
4.60598530123369
38.8620634481936
21.1753495521312
10.6250668627933
27.8036550194775
12.6208785036824
38.8427345368028
2.49374747076112
7.14103393004097
0.698716350079856
20.9301703476534
2.27329348184389
34.2773758615672
12.8762819480944
3.68475347079697
14.3695299605517
28.0041848995912
40.1158808712734
-10.6958958502829
7.24602292359887
20.6912627450674
18.3896226697553
23.2027244144701
4.10852276413233
23.0888093067522
20.1327629045446
5.9049083410444
19.5623668915976
32.2308305046002
15.4251027779395
12.0727737353469
30.6715228375678
27.6812181481084
20.659675177873
32.8121304106817
23.0974800019825
7.19909497857122
11.8170260185918
19.9453233600287
36.9502262832561
27.8746814708963
23.1073381863434
21.1279193049714
22.5701839235463
7.86641655079663
