6.23222507125817
-7.11359983698372
5.69422871790185
-6.54327953013422
1.69008896056795
-2.72526835940763
0.918138152219985
-3.1113326839338
2.85999000082358
2.98109499330764
-0.557839939379456
1.4452901171803
-6.31580935456682
0.446671010897891
-5.54910712334501
3.05079430220882
3.02583450772535
-5.6315677834401
-1.52765290674813
0.998626242128064
9.46716984258605
0.85673078840869
9.23935185677273
-0.524009527936791
-0.478687744048752
0.737591156853711
-3.55840753031979
-3.03865554484894
-3.02079344913285
-5.92342557507108
-7.0580163348127
-2.76761324206316
8.12323089912906
-3.14860764609192
-2.88881798256091
-7.24765589914928
2.45707706461515
-10.9811987495736
0.560474659228572
-3.02888268555315
3.191526251342
2.89561626636489
2.67715502689383
2.81196293197502
-1.65530448649142
0.357360872096782
-4.56119982186697
-8.01668414615188
-3.84626139609722
-1.77896806573391
3.9520846627903
-13.1030097603624
1.52090839337907
-1.22102325504631
10.4569478705802
7.61760170319093
6.28513796223093
-0.431656697768746
-4.09494427738542
-3.31412068912715
-8.71133685330527
-1.67783576153675
2.92074939635428
-0.201459630378217
-11.399983366762
-9.51772622440697
8.56250871368991
-0.765778166292864
-0.394321283973642
0.0700307191824441
-0.433673945021889
3.57319981053199
-2.10561861522954
-0.448164624938083
-2.30330750723135
4.64531240774939
2.49257254206763
3.23839391151369
3.7020034886629
0.860688088715564
5.89744194551131
-2.30956906353202
3.26300150860019
0.426447461273029
8.74381973623323
3.61020948758815
5.9147795390702
-3.29799911672972
1.31004310770553
-9.87663337745493
-5.91514756005335
0.547919629576986
-3.05757677878813
7.67332728564418
1.25426580361957
-0.726482504009442
2.85799460241793
-0.919830510160608
3.7913043333041
6.02431593717788
