12.5434615597111
23.236546886492
21.975915497763
20.507206627935
30.6763549158692
25.2973613323275
-1.26385304948949
27.4620072935677
28.4089168309881
15.7129231556472
26.3963427312526
17.5079053993604
23.0928776287917
-0.731824507515306
-2.75993421533179
34.2343397135341
12.9640066464902
17.9757520011874
23.7568162504723
10.5499310651914
17.8005514099486
24.5387649715298
36.6941468606262
19.6302381359746
36.3000400994772
35.4596250275502
14.5121049015307
22.1670695848764
14.2603904377534
27.0440416009845
10.6478281227313
26.1376385763636
29.9968895971433
27.5374571877973
22.4373881264568
18.1679307463202
9.34632277671473
21.9051928567606
30.1866414022587
23.5657639264173
16.9901438755261
7.17284904164655
46.8623817951647
13.5534525878784
16.9140998826607
13.649079656389
13.3234547319079
17.0963883095074
24.3090461822059
25.9963711095542
21.7738187227732
21.5504422399773
31.9335794075203
9.41733390877615
14.4461377207534
22.4243257196505
9.70816567519945
20.3366731300759
-1.70581167512887
18.170585314303
34.1494015290284
17.9132712300956
8.75002526010511
32.9391537854546
4.22948156269337
40.7452033671503
9.50480482364907
18.730127640706
11.0771852558861
13.9261173274973
23.649632759733
13.8314181522127
23.5678038497463
4.65122781842017
15.7067429365815
11.9879838374067
16.2520583804926
29.3431394852932
4.86703565951684
16.5163379838265
21.2970588025771
12.0882488184265
34.8183766376376
22.4209172928298
14.9798299882429
33.997508340325
29.0052394749037
19.5547534820457
19.911801421849
12.2231315989375
29.266718027488
30.4282555574232
-1.54964316017633
20.8414235224657
5.41945282714294
12.9321994466162
11.4630925484642
14.4430910452917
24.2038696257974
26.3630647190283
