15.151540118528
14.5293179682846
5.48437931779301
13.0757143447983
15.5178596241176
11.0484180817169
11.9591913964315
12.8120984154313
19.4723875568451
8.46348505239664
8.89343215118799
15.8218118073705
8.16165770330911
21.4793670267422
13.6215171682281
11.3292475370306
5.96686099057393
7.27889548387468
20.9750080197413
14.1579480067403
8.79466471397118
8.66879187304307
15.0254351567136
11.6002995701105
8.34393641627478
21.8026826641396
20.6405821386756
14.9399294093221
15.3388458984405
14.8314091521011
11.766319741516
8.22250075749979
7.90476668876672
15.5184683588765
13.7478713216942
23.3520794038636
12.294377148342
22.9891232712944
22.154398188456
10.268990731368
15.7986456080633
21.4504145938749
10.0926530849324
14.6292220679373
7.99769081194116
19.235237977582
17.1473657634749
15.1340140253858
15.8460727919846
12.4857714350195
19.0936928129463
10.1494091957321
6.31265206231979
12.5009480568746
17.6000886292409
17.2854190120582
16.9550056584924
16.2231348631044
16.707629826746
9.71312867335942
11.2524302708591
21.0158364219632
13.1990674929841
21.887845004357
13.6633335493991
14.0494319119594
17.8417899070921
11.8525479043519
11.1914782468635
10.6026162081085
10.6990863649151
11.5024725281319
10.3907944291533
4.08265270224474
14.45823301043
16.3007206002584
12.223253308156
27.1567136816888
21.5995892539438
15.3571585032476
7.73185992982841
5.34595827725747
13.3440006188259
12.8128174652874
14.4602510444674
9.83317758550235
10.2137411870553
14.0297020852486
9.11582007516059
14.7812010967077
13.5591104352147
11.2737288607186
17.0033397317283
15.1666255463112
13.8229882907886
13.6315565095062
16.0336306801886
13.5799621183663
11.7560481724203
7.02819389534504
