19.3615085949561
5.9793748046231
29.959507782638
1.99925663511209
-5.56948132973091
19.8687698171469
12.8031683685992
16.1501072572652
16.533106277682
11.0637044357745
6.51085534831911
-2.38172453720928
31.6308233987695
29.1268349026356
22.0906327152152
19.6130614873706
11.1518350469113
5.35664318511996
20.9474853459161
0.271695104898903
7.90410901059623
30.5992212205867
19.6896235899664
11.963031995807
20.6499441164085
14.3347751789338
11.8080435342872
14.3464572949427
-9.86938481441826
27.9629153067397
21.0973398384828
9.27299888897609
8.2414990848172
11.6659804152604
14.9270401313542
11.5925777000286
23.315501627515
1.81751284015019
15.9257893060554
11.947364488585
22.0770654212636
17.1757330635291
29.8584376053985
9.84346318040722
26.5806821154246
16.2422436014496
11.9783242350197
24.9015331966387
28.8990557207161
6.6195827267858
26.7267554479609
9.03327511550956
15.8381350839135
40.115477479871
-3.34951267333567
-11.8167327355446
14.9156913318276
5.138801274724
22.4994972993672
17.8254547553958
17.5881050660628
8.84876385767636
25.2803860873504
8.06278786964697
-0.26920629025183
19.0692218075565
11.6468625094916
18.4847311884593
15.1142362654547
10.8015808426759
20.4495669314846
24.5429647761428
1.0881131402517
22.8665596792444
32.8628656849681
17.9470840968304
26.1437910433138
19.9771139937152
29.587772976665
8.42923678819033
4.33699718166912
17.4299834186122
-1.35963375071984
4.64922269400515
12.2757081774313
10.1683688037738
8.10105668137442
37.5043720810299
17.0367367406165
12.7850617238533
13.3657734763928
14.9514929436015
18.4999608333239
31.2182258008672
14.4963859509071
7.80969256816028
32.4344325036175
29.2383291202163
14.513736135894
15.1930149400972
