20.8934069091394
10.7121327950715
13.5365450922337
11.22044760212
12.9903111321089
18.9069043467149
5.04769786853755
22.6213029025193
18.5806427821971
9.38143324725133
5.7721032365956
-3.38264497271776
6.95896993729297
22.3858109995962
30.4302465821336
20.0596283228501
16.6111242727352
19.931395094795
11.0401272770834
7.97279181980531
9.42717890797751
0.154262304750354
15.0678585703468
11.6231196761445
2.02754788233637
23.7055621628753
33.4619047095308
17.5319004886514
9.50368011796728
9.78781439677934
24.3743708792504
13.0001082561049
8.90068824134216
20.1065559933986
27.0459719577715
8.73248007418342
30.029587350446
15.7992779446967
36.5356769100364
17.7006858873573
10.0024330266918
27.2504558864311
8.5262233702946
23.594803328597
17.8965117331839
22.6018805998263
22.9962414647317
8.556728905867
19.0349671343423
24.0580240423638
16.0847901674231
14.1527820758463
25.3748193763638
11.0786482970038
17.1656772221435
19.3602927257968
12.9306666263316
14.3030023263013
10.0068760376403
11.3548821453153
30.5909231763272
32.9747944124056
25.0352610524747
31.591934682955
23.5439018545315
14.3329609551725
29.1591351631766
18.551879259157
16.5313516316077
23.7659992713021
26.1436763395874
10.0999371224014
19.7072116285625
15.3626616583745
23.9986496396705
9.67944513235243
14.4289765970189
14.3135332839285
7.50584447895505
12.3949994285552
20.9069007274187
13.9051762325726
8.13739317112931
23.0353771940285
24.140707289424
5.81057799417678
21.1285797769947
20.724560010938
3.55823642325704
28.367014739965
4.11023835237066
16.0647788722807
23.2117194235104
16.6102576499027
4.86674072561068
11.9046985354297
21.9434815614121
9.0608465731217
16.166529826754
12.3194324765845
