1.9031624800563
3.33870010184824
1.27372074190833
10.9400705946871
5.92261549477777
0.413973671763938
6.06581575334849
5.0926571619287
6.92681149845753
5.6775568040102
7.56974020782762
3.79380130226883
11.2114130234312
8.38675469059661
5.66957690208496
7.28644661750786
18.8926808535668
3.10466793724482
5.95197551836795
6.48825885590315
-0.133111654130008
3.82350176626901
6.10698203855
9.65684836408209
7.39507689368898
2.06854031888841
5.18121214152692
0.878266621065154
9.04543388003581
8.67328160095879
3.37551356851322
6.09735820661103
9.27568514253206
-0.588191111044886
6.25839585258376
11.0640745479612
2.26011543445242
4.31452208452021
1.25279703423605
7.33920164224513
0.368373798778918
6.17112880516019
3.11188604345737
8.40682503151735
10.2669786805903
10.0295466197587
7.71336967313528
7.10920411663082
-2.45453853672958
2.145844640035
6.18686146313225
9.77450554238127
7.0802248546101
4.85191283592558
6.84658611609349
-0.863553703961176
3.68050297339848
7.24800671370836
3.26166655597488
3.5594873322473
9.15060424836828
10.3660857039087
4.01592554309454
9.23884187534914
4.78844969088657
4.62382928829042
11.3928195515354
4.32753198285149
4.10778429687763
10.6409366564911
0.769398623650793
1.45745575078203
2.40114139663597
6.84057682722339
8.88339232100709
10.2885996116356
17.2567334360221
8.12096799211894
11.6841511657297
3.10124447723988
3.85718947959307
0.268134034701513
11.4734149870401
2.20681364416581
6.24116777572945
1.04323970655293
1.87640418281567
12.6413099433553
0.415715070264999
6.24704996947939
6.3368153786016
2.21369639224526
4.39289934464541
1.16870446852981
0.95083018741544
-0.0956985007052022
5.91434767700949
4.82203503471065
9.1218267626822
11.6113228691534
