14.1016043740384
8.84638560898962
7.23862668896744
24.9341941889169
11.6934040555958
24.6007448113185
11.7804993218633
5.51490567390693
16.0799474030389
21.7413069771574
11.5983745131481
27.0794370086805
15.3855633227336
21.3293050225613
8.18120752652914
10.1380134565223
14.1236322617013
25.6983028927852
8.80698177600788
22.3470177744573
11.4060921267433
8.82316186626708
19.6505699104836
13.9019730855635
15.8741544655177
7.80800969860057
18.5836289739778
14.4313456415771
19.0025580898556
24.1427078549909
13.5068860105285
16.3065834043742
12.9941167750453
15.2065623105456
15.4204079676991
26.1319822238874
23.9206005094869
17.3698365137158
19.4620917337182
19.1144111552645
18.6080161960278
24.0096743699358
5.32006864698702
9.79879256320473
14.5514557186084
9.35071428903579
13.0655672250833
27.2554889753826
19.8679677759302
18.4992967344312
34.7150105665254
8.71769501058352
13.397083759408
18.3614877305597
18.6258076231888
19.8526224798318
26.2803820588051
20.5798011377274
14.7806518006147
13.8663430865842
15.2026595855223
5.54248816025604
9.58577713079381
25.0020567161711
19.7914857661356
27.4805905913296
18.1141278867313
12.5901543646311
12.5543756252991
17.3901779225907
13.5961125813665
25.9193334333706
10.0291320954955
17.9683485257505
18.0973641675045
24.1422982627123
15.6046868573335
15.8013322091875
8.84454942228791
12.8017220374277
16.0027588301481
13.4830340476665
25.4909755790232
19.2528154806542
17.8545608745529
16.3996251380032
9.3262552867721
6.96629006106436
18.0248819845658
12.2187663586604
20.6871901467911
6.09721286331872
7.26729005863072
14.0744309424118
14.2010968870641
21.3603945547056
4.66237310737653
19.1855902273418
11.3113906244488
21.64017668497
