16.0280457200418
2.0842423807863
10.728063947425
-3.05162477731408
10.5512410302495
-2.04414986182104
0.988570292813003
12.7384962912072
2.1539118044652
-3.03871362982467
-13.3407456620339
0.47555104025205
2.23705021241274
2.41259528118283
-0.139170663911218
-17.4687326068599
-12.3113760166509
-8.8288439528042
-14.4558081143419
13.4371034798458
8.62631653403046
-2.40462204365071
12.6131790771285
6.97008272539603
5.89139929013642
-7.40289961024026
-2.42755198662877
-0.0389516218779194
4.98514029121827
5.06786163540678
-1.02499391984742
12.5092424655156
-7.14874030802214
6.45040643341362
-7.37364113271714
-1.9833055580358
-8.78333728781936
-15.9414201087356
-0.455996194316875
-5.87994353006407
12.7103105678021
6.17819299729113
-4.6425059459973
-2.64836427783214
13.3682378009643
11.7683688296532
4.73438499053152
1.97836889610369
1.98959956584466
-13.7142231627201
-11.1200003087164
2.99614670607057
-11.8993098405641
2.36099184085131
-5.26008163873384
-4.04916996855908
-7.64574490601893
-0.307238117588836
7.41160218194071
0.33962172856129
-1.26629029562208
9.31807621995397
-5.09271294915737
13.2105435660398
6.12653489783833
12.2925110020032
3.20364568736865
9.19433664500788
-5.65591952870123
-8.64312866128132
-4.78134023978654
9.09114697765621
-3.01281895823776
-5.06608000342808
6.37794348777522
-10.0034855029439
-1.89282492190288
-1.62404008779858
-3.56183164659666
-1.38566076439761
3.90532498990006
-15.2204616561927
-0.660266735915472
1.88329507470882
-0.57407690340374
-3.58310980481124
-1.34865441954725
14.2480180814265
-6.97982865668111
-2.15917299107889
10.7944561616935
-12.2320358112723
-10.1520904484645
-5.66550104746588
0.168113668668056
-10.4722191448629
-4.69962075384873
-15.8908646343504
2.45711090924758
-1.22466230106709
