20.9427524960888
1.05240610887148
2.33551894958649
-2.56381638427187
10.9429333595342
14.8880928528103
-1.63536001747736
9.42264224586117
10.9519234654388
-11.9285656753237
15.7445739477645
1.74558509427105
2.1504282115282
18.7308874244129
2.50303956667814
9.5409626131138
18.1184640999374
6.51763383297061
7.50315436281396
25.8778739790926
2.35031443793813
3.99011766466361
19.8688384849714
13.892085461503
3.66012294981415
8.54925714271362
17.4910651447149
4.83809783046459
11.681209926779
13.0809870571188
5.74225091474383
-0.571074444331478
24.5596364842274
-10.175611889438
-9.02974372471945
17.5435541329976
-2.17720102075445
1.37569838270707
6.53892763698396
14.0673343736633
-5.45266595391966
6.86767718023307
-5.96656816155216
-1.35299844938481
1.85626075815369
-2.73542301685213
18.7780165182212
7.7923819341085
19.6839068488319
1.88453597457326
14.9483802190654
5.58089744614437
6.22180635511512
-2.52634616696692
4.2935509114939
21.199422454753
4.71454443985993
22.1968631902265
12.5263678924504
26.2735521522351
-2.95064373010424
10.5252526677622
17.5465427375767
14.8726107993142
11.0995309821154
-9.68340215953042
12.5334659287106
12.6779333053078
-13.0041861934111
22.2917757688176
13.2625652913413
11.0521935570272
22.8409283702086
10.2399362108029
5.18460893854066
10.0438282069126
15.5367892909662
9.90918962426202
-3.55420023520938
-3.30833423028445
-10.7225469568082
5.7522942992631
9.16438450458582
2.54593642479404
15.3101465186474
10.5521381244266
23.6044742264385
5.41983090840548
7.68649856748834
6.22200078674073
0.219001950925592
11.8101134277701
-0.153504413534437
5.19401263463249
-10.4626498926865
3.12709976263263
-9.44440465980507
4.98292878787817
13.9707271615666
10.8754790893821
