9.48592142653004
15.6397821280722
23.2264714684334
24.0174318770404
19.4779600746759
7.63808135247401
20.1772934845141
19.6867592903768
24.3704207198248
12.3807150012582
20.0156266067787
12.3368492165534
11.1629359531152
13.725533101536
15.2627861371722
13.2117407826873
19.8283330886885
17.1754826824956
20.7919442050639
16.8393272977969
16.2877261167856
1.00693255189609
16.7962650161121
20.5127679308111
21.0954814318735
11.5718602235971
19.4987255728919
14.6002858842506
29.2929173757521
23.8898632245893
19.47111275753
18.502903734508
10.3979474826378
15.42809381222
7.65181886520602
17.6804495067065
23.9890268439964
19.7812050068998
20.0197927791799
9.88293303332784
21.8574736248627
19.790434331167
17.0624689936042
14.5503656348438
7.19158814819406
2.80721102502711
12.003407837466
17.1891215912468
13.2857501562098
26.688530288796
17.0580492166016
30.5875285182905
21.0149206099958
23.4300719372517
27.3546631626173
9.11360534515955
20.5399097258149
13.9636316989949
14.6448948785202
17.3397721669057
17.1644409291402
26.8857036914395
8.56509478498593
24.6507333978603
21.897394484739
19.2409288058462
12.418302578364
26.8955714823158
13.440558650405
15.6826416783611
15.9007929723552
10.0631833850455
26.6989167605116
14.6712723286681
19.3668895553223
14.6681600288876
7.8881215175745
13.8554141460837
10.769801773447
8.03889069254748
13.0882569952808
2.26433378307089
13.438400226556
18.1785956908867
22.6743816440502
15.1072877728669
19.7405315660028
23.7908122213904
21.8419945069051
11.8095584137144
26.4618806070734
27.6623528550685
27.5479828991982
26.390068120097
9.20669545867061
24.6519423412741
22.4027971905654
3.63832309692716
12.1727628300944
17.5423748986655
