18.1428846195862
19.9336341547126
21.0278967569225
18.7049676232909
20.8743073854677
22.8432407200996
16.6772724363267
18.9637874191953
18.9792933601574
20.000736089219
19.4788354770751
21.5558933973048
18.7535474006062
22.1622583633278
19.9859517483636
18.5662125859376
22.2372597412636
17.1693301535994
17.9080851412791
22.9918567884687
23.4040327422725
21.6855940725509
19.0066527719068
21.9668332694832
19.8286699833614
23.1567719751654
20.1947769028611
19.003082463491
21.4097122132709
19.1085532603973
22.7740625389156
19.2647129272714
21.6308274095123
22.7354969353765
21.419842978363
20.6469984860428
19.8920972759199
19.4039226368647
18.7827085133771
21.4007139526412
22.3211781122845
18.4892926580065
24.5206127621947
20.3572696233688
19.0092052251835
26.5779976403879
16.3166055886145
18.9034934022072
19.6321234000163
18.4342870045653
17.6091755320274
17.9795450408465
21.7366004113467
16.9017730920481
19.7841942320384
22.2534708713254
19.2074912664256
21.1392125880275
20.3577824719916
17.5014820509331
18.1109674491576
17.5723379007356
21.9931463452339
17.239642546383
17.8466438161309
21.2294383864459
17.8716079551914
22.8058537813705
22.4484224070198
16.6426844702677
21.1936370574106
19.6923877491413
17.9264516263934
22.4445938459336
20.960222928048
22.0697346967865
20.7294526117697
19.054845412698
22.3199670760106
16.6894737837328
20.6947966744938
19.8777484902133
18.6178700015941
15.5391900831686
21.4515678627183
19.4068297661551
14.8992057049749
18.7568117745563
20.5898665404982
21.9846830346368
19.1039048491304
16.7325996602829
17.8964548015808
18.4776726884899
21.103538898508
22.2929932329324
25.2436702031307
21.4261701518121
19.2056265050451
19.5430819718179
