-6.09443709246635
-2.15773741607993
8.55576563634246
9.87153797297703
9.13364376413509
5.6591532106105
12.738562200097
8.92660403221076
9.3275150585533
2.12587112169917
6.09461506976598
5.57096440972958
6.62205662845851
2.50186870898852
6.72812699673736
8.72355219444753
5.47557333850544
-8.01373727018384
13.5628478348462
7.58336959915964
8.61243204876074
-0.470216459373654
11.0861455794411
8.97476139397028
10.4126866327369
2.97147605538029
-4.53445246133943
6.02277320353281
15.4180118030847
6.29538349152907
-11.379894330513
8.20609262644254
8.42722929390854
0.534040633296695
-3.93374545185999
-4.85201948059713
17.9184331622792
8.71856704637555
-3.37159247306891
4.37702550363258
-7.61543034911548
16.6145761689932
8.10705622661234
-3.0540043855046
4.36329171777472
6.35638118483849
14.1551657089594
11.9578450579086
7.23827840137251
-1.34833588471718
14.5111621260694
3.2807157943103
-4.94492593499493
-1.50062307999663
10.4325299430072
5.83715238824138
3.12984252755635
11.5307869816454
8.32311084565171
0.466510772141354
0.58069466178335
5.92518883507818
2.77766331266752
3.65426949369958
-3.42397172542636
8.34822483621696
6.87438385016123
-13.2454456420339
5.92138452190286
-4.31246443086068
-0.314377072851376
4.14300080186409
15.8155271980459
13.0698124141132
3.59028077142506
-7.42512161733591
5.86175408005401
5.32340355587927
7.48973353436483
18.1015282825608
12.2431216603799
0.308674620849726
1.72827542035445
2.18675302105475
6.60640886632707
2.60456497707268
12.2766841694632
7.14136437659343
6.51498241700076
1.62196767409548
4.00070758011422
14.1141835843715
4.72612919660961
4.02755197462101
19.8382205373002
-9.32185392931874
5.63091435732799
13.2812326664102
3.10418683492819
17.4957477908299
