3.40004549058477
3.80200980786485
3.36648925409226
3.33157202518516
5.18904830830099
3.28427932605905
3.90386160783265
7.54801553718213
8.30473418852495
1.42156001939299
5.13573800675952
6.08631955523046
5.41858881099028
2.60703767160421
3.22689090969681
3.26372904089262
6.05921254127109
8.01741631084733
8.52179320879329
2.12238118518392
3.01974152691844
7.31748567841884
2.41874731410286
4.81426113675485
2.59046163375753
6.88675660513119
4.06664210172971
3.29494627559973
7.26090421228075
6.04912213368482
7.42441736298303
5.40263383820354
3.62782395382801
5.52329924716904
-0.486678929431924
3.97872046848789
4.14306845000818
3.37687927932845
4.27019582613416
7.54118940417321
2.72539653129119
2.37818494732649
3.77546469755342
7.93023292116114
6.78060087951105
7.62931483457117
7.27417507585577
7.54448746964268
3.81405671702435
4.45219702360348
0.00223045653264897
6.55557811793204
7.02189630786286
6.5443549797494
0.00661392495985513
6.57508661744252
5.89995621784474
6.29742201087873
7.37381045768045
4.63407030020645
6.24410629827031
8.9195116306348
6.68287394715716
5.46976577091765
4.74849347829023
2.9471887807879
6.69866856771833
5.13104219582183
4.56727194023021
-1.11109087681176
3.94076457523275
3.71580498183472
8.75857097285019
7.54422605362125
4.57171935051416
4.16058857150125
4.77668039954273
5.83180777779384
7.10771002153353
7.49040725724052
8.43122385024724
2.1472550307395
5.24771750079715
6.84978714024114
4.77861099722604
6.11706551545401
1.61988402259974
8.47551321455094
6.44663793558498
6.27370875595749
3.98409598988682
3.814720952308
5.85701574929076
5.73818600179698
6.82742825406505
10.4172162709539
6.51946356191772
2.81150553408741
4.68569127539284
2.33499298351551
