15.8414656181193
10.6812852201764
20.8398079213221
11.9437854166985
15.5998841904875
16.6322079229819
16.7375226001091
19.1384717440833
19.3936557528492
13.6959787604098
20.7618153015033
20.0639236113945
14.0211165485424
18.9663834171387
18.4873844271631
19.5921023159491
20.281367776635
15.6952141878357
14.3326305843132
21.0015324834762
16.2104476235175
15.0452118862171
12.5704517945287
16.3697202967212
17.3573377644809
19.314354346105
16.3928030854041
18.9537646370239
20.8441440466845
12.6927616727912
14.6287272667555
15.3829603659421
15.4939870489179
14.1904676857167
19.7663585423349
15.6782975349266
16.0421823372497
21.7375348169382
14.4475278790189
16.1997718610332
19.6461416381233
16.777006844894
20.9592904639781
14.3524862476242
22.7924012285017
17.3470288984044
21.6635576745165
17.4133852693749
15.5906785629505
19.8228910345859
13.4663279553194
18.7153410526133
17.3651950089269
16.7310768119321
19.0483523062575
10.926748063773
17.8108804224948
12.0141566399038
17.6808332633938
19.2580221898304
19.6445545317163
21.7513162182795
19.4934412381454
18.1353412790766
15.7994815467331
16.350930738366
15.8853480269432
18.7267677660813
20.8875285311227
15.8812205228695
20.1969629688184
16.6448485239725
15.7716081351043
12.4475372545775
11.8463309189441
18.857733321189
14.7344103692245
15.380640214398
16.4964982846563
13.3157739574969
15.9656976385841
20.3441538037667
18.8753773172999
14.8338071395815
12.0161457294757
17.6461628564757
15.0601344248205
18.8338104556715
16.2907138174639
14.3540117525305
11.461429466577
17.2620142285905
13.7340064144088
14.1631530917738
12.1561286835338
16.2366472804192
16.7265249330103
14.4426242444118
17.6356902978754
18.2526613814361
