-0.0913432994153918
-1.92288167699092
1.0087477648252
0.847224339867696
1.13532737905739
-0.26940888741
0.340917630470623
-0.116532042519392
0.0924099808544486
-0.38284486969685
1.31093388076533
-0.450255518920826
-1.26937081399989
1.59057960546316
-1.34365862970173
1.48241124358502
0.163247591424017
0.250298815139989
-0.645348392160979
0.640636645180133
-0.566207888235518
-0.883172493172629
0.829610541414649
-2.10386833350233
0.807017957660574
-0.364554380892995
-0.137355990195872
-0.12263394984968
0.056016047475276
0.752127845538048
-0.437472969818619
1.09568118329781
-1.36480239500162
-0.389764070437078
-0.984033502915264
0.95461481562313
-0.822237321896728
2.91328369179922
0.898140425086054
-0.959342174434262
0.614277550395055
-0.867986480538301
-1.01163943514116
-1.21382737485594
0.767377717983302
-0.0300353201977064
1.08260787230016
-1.34554595504535
-0.33055726418383
-0.678283391529264
-0.218521917028856
-0.678310035391033
-0.286326999729586
0.248655993453122
-2.41343916113258
0.295535615185785
-1.00223172279633
2.24800282417284
-0.00459884085282435
-0.0816274967121255
1.12838272332559
-1.02550702684065
-0.954125826584614
-1.04120392363834
-1.09105909328248
-0.549602052286353
-0.453177943587826
-0.985008758905314
-0.280034302040199
-0.823323795331695
-0.178865130433107
-0.622912031240507
-3.0920311208612
1.77640245203537
1.57597930478737
-0.54117588253795
1.44545677742454
-0.474763648970175
-0.0906525793863128
-0.151309837213405
-0.464135097455414
0.608935200899651
0.760253680087461
0.28824221463341
0.319554033755627
0.923089364801877
0.513753079762278
0.758394289275495
0.931425630667804
1.2496053611114
0.0559318380712195
0.757531893961923
0.59740946244822
-1.12960174262435
-0.270510844583813
0.821921515458938
1.17407765197089
0.510687101370684
-0.771942784663594
0.0974882047750275
