28.6781974198746
11.0205360377496
10.0153769984868
27.3075626917393
14.0802221878602
22.0910497828281
-1.03347765918386
22.4526150368769
33.7832368477234
16.4544677803137
28.7596922497882
9.56445650089878
6.87026451733301
-4.67538469385801
21.8096626013308
21.0650177024844
23.5024949964502
15.99300215572
0.0630524538735955
3.57486261717759
18.3111983922314
22.2016344737471
20.3676484809139
7.28229194404111
15.0403015354473
32.066512161179
20.7585012957089
1.97452213889772
22.6722884919897
2.09585966108382
29.7053322037851
23.3384250773229
28.1182321606968
9.67141354987511
21.9969091589342
16.9197769981368
14.4311224834229
24.760626090485
22.4194776538533
11.8747287873698
14.9909778180974
6.80785772376795
15.1591231964314
13.1708533661419
14.9972038793236
25.6228262214497
5.5282967497423
21.1949292409727
4.46774168490069
17.5835004903087
6.55481971187596
23.1220631368686
20.6401089569259
1.04333063173357
25.5637513546599
5.09195178940938
11.1792377876325
23.1088579930121
12.475717615344
17.9755836180677
20.396978129122
22.4436022740636
19.7682161913724
18.563991275282
13.0983568269153
7.75906257251137
17.1360999205316
8.33820151668355
22.275421905623
14.7649660057474
-0.425677354710196
9.70265813996628
21.7020097167369
7.00952915963951
17.6680623424521
-0.101111523397261
22.2188131785882
11.1472307624293
11.5475593997814
16.7220317176042
31.1886659533514
20.8846031062873
-0.0545815587354248
37.2006092528547
28.206962418231
20.8952029314693
10.4595603735843
15.2095225679053
13.8405532755587
31.0358539188903
25.6364821211501
15.6807406120549
32.8617792810364
6.71132989836338
20.8622108283187
20.2242448923034
13.6181690870094
16.0498785321156
23.6266023456179
12.7128337878411
