10.1369721897641
8.42483554835851
6.59302711077802
12.1473070267743
7.41235272531583
9.04271832573865
4.79145180495782
6.0658600687615
5.75861239325165
5.75208680503435
2.4785031975307
8.37431218892989
0.554300549974582
0.822131108960103
0.614346165548268
3.6868447840328
6.30691969145212
12.0195100461879
3.73254559023857
9.30313341874103
3.50062899587668
6.56419961998208
8.2807609116414
7.56800639358039
11.8322937183069
7.93565849433012
9.19874928894781
14.7048316398683
3.58707834113105
10.8992675303772
7.63462040125482
10.8768405330223
8.5865476459316
12.5438904811136
13.7655455944109
10.9667999702126
3.41964816785744
6.76007809839495
17.4126769247799
14.2557929062869
2.13536771583197
10.2064034496681
9.61851926725486
9.22105245009496
-0.259632694931629
4.92871699601071
12.4610167586289
0.154656033890459
13.2673941770791
7.19250279815537
9.4481320099193
7.99889270890821
7.4287460284323
3.86761304632764
8.17179552184893
5.48755220835778
12.4506256426889
11.0515595546968
7.44256369755589
3.20107566915057
8.34666403921647
13.0042779672919
-0.509651446591119
5.26814659825088
6.07442868612025
10.0409869238343
6.31964918074148
-0.338445977876759
11.1214392197282
8.4478443913715
6.56093869416861
6.23932687327937
7.91106082138584
12.2136178027317
7.92948061088975
2.25097559316616
13.9533158581841
9.49700079756106
9.3048490817685
0.727510059200562
7.16244667070436
7.47560744327323
5.76586151163569
15.5747521523127
5.56616614414531
-0.0593825845818952
13.1836242973363
3.99182617846575
6.51830564867172
8.60921211850919
10.7735776590274
10.3604454646871
10.0150384861329
15.6147956177099
1.21798677043049
9.82486665020447
11.9983925066294
7.56116966882753
4.5979181554955
8.42318217811728
