12.7857395412903
12.3576705337849
13.781446951344
12.8559445892538
14.9868381888495
13.7137812826696
13.7860222021007
17.0088042178359
12.1518894195552
12.3464020287633
13.2116701916857
13.9727337049408
12.8789496905683
11.4106686222885
11.7616279926971
11.0111881114255
11.1687557249919
15.5073019571095
12.4016767368569
13.3399252499519
14.4440780908357
13.3513986736375
12.8093757554342
15.2356300262891
13.100861927218
10.3804067189462
12.6997845550965
12.8310063474991
15.7398979343806
14.2540204786572
12.5766476087959
14.8985238380456
15.3949761530915
12.1342342259493
12.8530038783811
14.5041788831449
12.7700718502359
14.2004556296258
14.8348113092965
13.6240302890956
12.0809576878478
13.2603617291599
13.1577089157907
11.0923708744197
12.0078078846033
15.6648847495377
12.237890829715
10.3682632895264
13.2732860313706
9.7181998711766
15.5509681058881
13.1118791071327
16.1927893774043
15.1631319957344
16.7410730352263
11.8716739188321
13.7013847597024
13.2181204866345
11.7988247335908
15.8052653525525
12.2668336032527
8.96945948552116
15.9536798076686
15.0203032719707
16.6939490096846
12.3959524647073
10.8453614153641
13.2117522903351
10.9034502903856
16.0958257429513
15.3386349226653
16.1964255701469
16.2692539549623
14.8923109961586
16.1311911372856
10.3365345438018
13.4148310852093
13.0228260390675
16.2502210955528
11.7022993072548
13.5934129039684
12.7987075052323
12.1197487368907
12.6443610249716
14.2463800533805
16.2543926204119
18.531441592817
12.3019755002657
13.2141506994133
14.2774444055334
15.3410305088244
12.1266198003659
11.7598431058162
11.7877950057931
14.8885200146008
18.6373519605909
10.4286931865563
16.3733544331826
11.967958217129
13.9132310020249
