9.6739750717094
7.16497885091679
2.06784334274301
-3.25367261201254
16.5221013811528
-0.225760176369877
10.1588374430403
2.1805499992583
-5.31803800834615
6.76144418971162
-7.98042137928319
13.4825309518406
9.90450721838295
5.63270613149933
-4.3435304016371
-12.3910903086211
2.45149920574465
-10.8246894655084
10.9783797891224
6.03750796529117
10.9669043495887
2.85830402583289
3.44941646835804
-7.56252253294466
10.6289121037142
3.19572958993651
-1.36402710423679
1.34272586950975
-5.96511879828057
-0.301994964798845
8.53911933133513
2.03592855270186
-0.270502243146096
-3.7329746453043
1.42742538373854
2.78579248964711
-2.2933278760213
-2.71899030299993
6.4604422412829
1.210442626096
-22.0378351094826
2.0401322807241
0.61967188601774
7.60911190162491
10.5841697060682
9.04879492242402
-7.78577475712308
8.68895073405681
-12.6566148626241
3.08839940427855
12.6041923729237
-8.58199626642608
4.96563771829235
8.61314545727974
15.6641413758368
24.7589106764515
0.970653395776397
12.5733217118545
13.3441432788653
3.98049746976793
-5.19060275982449
3.82156713425337
5.69222027949583
0.631844069292651
13.2396605331178
-13.0358381120105
9.27060854511001
-14.4933978885299
8.76686369416165
-8.99917770289317
-3.42509482826259
13.149346993265
15.9804000304661
5.25988656650046
-0.313569634437849
6.66673795563501
0.392607483881858
6.94548023988756
-3.16469995448341
8.64196093831467
-10.2416676985205
12.5116468622949
-8.4401538905789
3.83504027530415
1.53605935986147
23.8299895577424
1.04180742253693
-8.26175499370731
10.2174134202364
10.3119603587427
-3.73619982288172
-18.5570249134652
7.37210215641046
1.24815813343524
10.4338230237751
2.96324688727251
-7.23570288803769
-7.12957587477967
7.96446370345731
17.7733916828562
