10.0589527885359
13.5910857661724
7.05132031380572
5.62831024396882
10.2508173751975
15.1704684936407
10.6626707089848
13.9882901853137
19.5057538158197
4.83551962948245
18.3531797550824
8.87857130837617
5.00767028144671
11.0583801172004
18.3409155916938
27.2322266135543
8.7966797148026
5.05547815637268
3.802914641712
22.2810154012081
18.5402332992683
13.8966747450576
1.92033160459859
10.3192147235691
16.5053649337164
-5.33066641406207
1.74338394269076
3.01200245142527
6.34850016681185
11.2448694508017
5.4420349710528
22.6969504115063
4.688998273566
-4.52081026667003
12.3763307233073
21.9604024484972
12.9256155999255
9.26634575391589
26.3817336290849
0.146815851723147
16.1913921957091
7.73508781777858
4.55825986421168
7.62402560900332
15.2135008145356
11.3510129557932
17.5164582513817
15.6328820888269
4.64408353262105
1.99570996738974
6.83857792865961
4.19078364273377
10.6702112450367
8.41127676217807
8.43559202773309
17.5033863849922
14.6745793687288
11.6285986518077
14.3740924702982
15.5928386449191
9.99305705826486
2.47669783906594
13.4192732283342
10.4048826987861
-2.21587592213505
4.46511719801633
10.9020733943972
22.7655788048924
6.04830981371214
-1.95413414712476
16.6334224422824
3.79914568517452
23.637817418721
9.87602236801632
19.1329527325528
11.703247764169
11.3313583222538
11.9888129330553
1.5424853721702
7.15175594078191
9.03721572831935
0.145744571889818
8.63415274176923
19.1061390372613
16.9857177815631
12.1085714100201
13.1677607645515
13.3881352061349
9.10773746781987
14.3064469703951
9.85723589659277
3.99217059638392
6.78276727405693
8.65836778351147
12.7751568389167
10.0540092186506
11.9556170463521
15.8799465597827
14.1666214862986
9.53400661596422
