4.65248058788075
-4.23401858006278
9.42071645714676
14.3983382172208
9.08872977943608
-0.652764736813185
11.3707637697294
-6.4179434016862
-7.50091926272031
7.65583622180464
4.43852901840659
11.716721227678
11.4088568484873
8.43188085856188
8.03821729637256
8.52290530672801
-2.78034400437593
-0.0572274920825606
-1.34075925467925
2.36159652450426
5.32095352507626
9.45337904350291
-3.38870757175639
-6.22402555095856
-4.82541885181063
2.44414152779691
3.67222881227955
6.79120379834212
6.65067243173624
8.52745749553158
9.29120482857545
2.5121213874568
7.92400259472281
5.88841566683119
6.9430057621401
0.50506406799601
10.8719798183479
13.6941403896492
7.57095458814438
7.88756333097883
0.658636303795307
5.94827650663319
4.78597578254922
8.80320924947998
5.35676968151689
-2.93311676201005
2.58605306958282
12.622948161326
8.78911204784776
3.14327861829923
2.05440427534301
-3.66657634828394
-0.59840078781132
6.72491758360796
7.72503555301098
-1.86686655478989
10.4942002858018
15.5877212270667
-0.882199936407054
6.62034723822526
8.47800557511957
-1.43129581334159
2.40171766376026
0.736445079627722
4.34382103029413
7.6763119302041
4.38732553461348
-3.31462387742971
15.2100149496159
2.13463782032343
7.17678106511204
2.00405077270708
-6.54068971779242
4.69836273815078
0.706510846654676
11.5909544102245
13.0380893541872
-2.30064878073447
2.72658346317126
-1.00903215368654
0.233169421373853
-5.6820379825345
7.39603504380747
-0.518933965849073
-2.07660983482766
1.2628207391283
-0.128633050971211
0.206728241300072
8.53649540121338
2.00887379174423
16.8114498306487
7.01365374116563
2.09653259353642
-4.95268670488443
12.2995702149356
-1.48801265034438
0.984191077386602
10.8356548257637
-2.4599634491268
1.8099032221025
