13.3958000215249
11.9566426763726
14.4828011599055
20.7873221070271
18.8454619781428
13.4559204842224
16.1536654702524
17.7565681649766
16.9112266911873
10.7517088748222
12.8266766159241
13.4067850784536
15.3753474553746
10.4427775371413
11.5894005637329
19.0911667148741
19.7609640200431
13.5230294507949
17.9425743583272
14.0896679564856
14.8559929105198
18.0168818330929
19.5563327887848
10.6755267372119
15.514096086498
18.6305873184195
13.3788005884415
18.1015147459039
18.8348760406401
19.6629100680527
15.8170311012473
15.1970780038417
16.4644338082403
10.4007142196682
17.1475750260247
23.7321846062555
10.6586623832019
10.9037304333611
12.8333477181325
15.8342836573447
9.16958343925283
16.1234083304323
9.71253868663664
12.4550019848563
15.2731888307956
13.1917172460196
12.7095211160938
11.742892176419
6.79771857081504
16.6382171791316
22.8825702130787
13.5011531497556
17.4358899673566
18.8980184681212
10.2467490058239
18.3431594366902
23.1101300771122
11.1671311527255
18.9433946232448
3.51703320620688
13.1059345244141
18.0443108930873
11.4453655950482
14.2522451245437
16.5748791248201
16.498129878869
19.6067349430658
12.3920575494868
15.6862891405259
13.4793392412105
12.3210332992866
23.4587385699192
17.4327394296644
13.6585624713841
20.9498908304375
21.0389979338264
18.3532704687034
12.0924884649139
16.1703136119927
14.4980806359859
21.2232182295007
20.3406491996398
14.1588523561414
15.4162223921224
13.8346072234173
12.1669671594407
13.2015088293926
15.6914024812167
20.1017612414251
20.2668682421388
12.2590813111482
17.0724806862259
14.8273365555608
9.3507658554395
15.0579629454515
20.0062965569943
8.83107836794336
14.8379566419943
17.0682236797567
17.498219864137
