15.7297215171236
20.8570735752308
4.06612516849686
13.0194398337802
14.9730113733104
14.4910845647597
18.7016539570041
15.761833398532
13.4379273216737
5.53591471581969
27.5365371648922
23.2999215194717
24.3016469027285
13.5577316824012
3.18120434511442
4.22910174928178
22.6126368266631
18.0244463788725
24.6743276361322
1.03571749937565
26.2697440233547
19.9936116776297
29.985014321873
20.3859475481835
10.5804283195548
17.3541348894288
15.0747448023454
21.4424773493979
21.6032789608083
0.745529647623048
23.3369659191044
7.59973003299821
10.9327886308401
19.4651658115099
18.4020316297069
20.8100650083302
26.7565006794407
15.072273890228
15.1393593696905
29.1590025813615
21.305556166809
7.15972983008538
14.0711064366965
16.0070099335763
14.0287022406392
18.8055195843704
23.0503542351797
16.2812210910331
0.664677578853919
30.5510099392148
13.4924606508324
17.1558644678497
24.9915912608733
10.2976187861352
14.8112368151503
16.7465308816711
19.3789538141369
6.38892609831819
25.0937998449878
23.3220431869283
20.3539001646306
11.5735846735719
20.2805929241788
12.8779770172501
7.22460265239263
3.71592176945117
15.1292256236147
29.743203556299
5.99673876740422
15.140646910659
6.51834886883295
20.3512614376505
17.7502069078499
17.5888629984299
14.3196803667467
13.0807790415123
15.4061210304902
19.5344589776894
15.7005384745468
8.45632972286623
19.7490295316457
14.1704042030696
13.7086194216558
2.67514811259744
8.30387963732559
22.9054458562975
16.8390261661814
5.50698505385351
19.1158174025751
5.31827984189671
30.5421724843438
9.78939479509669
13.360624606361
21.961830613326
17.7132633506279
15.1630758499117
23.5429369782992
30.5277325398037
25.2064722115448
7.17459343577226
