4.81269232851649
13.8901634502443
-5.00325823461654
4.74502367520103
-0.791487611199056
2.2713468775841
-4.67524456001135
10.2704164492863
18.4658653188622
3.37523229628661
-10.2116565642488
8.52347906695985
-0.48790909151468
11.3301570746164
1.09556480793646
2.4840236280244
-7.82001252835197
9.5721579965969
14.7495565727099
-1.03580556364035
7.43219445114467
3.98892967121965
4.3218566190846
14.9963429312062
9.04998100027191
9.6709622099228
-2.36403682016457
-5.0275683102951
1.43083939106671
6.65398014457486
7.29657009089686
11.2191053984427
10.7474710815503
6.28814335005413
-5.60764132259951
11.8597585762732
7.4780191247632
8.13999753493346
5.38542885602967
4.41969088988226
20.8065823100304
12.8947306145655
5.9607488707695
-0.481302087468501
4.6701578686883
8.74273246414005
-2.89936004804822
5.44736816095902
4.40806108723555
2.39844930602816
12.4399009774569
1.15867898349663
10.3360131783446
2.18466361276117
6.64093455747148
6.86253050818493
8.91137420205745
5.21497753040575
0.120621615110569
9.3183159693728
6.18074034718876
8.07268696181877
1.75574225166428
8.47411690318297
8.55900478793881
2.82837790026523
11.0554901683935
1.2554139821532
12.158098619918
-2.3592839736152
16.3166590737684
14.0846565437655
14.0924151110841
0.167185567549544
3.57896805282302
12.9946286016957
-7.90326350788282
6.56572297784209
10.6889498472335
0.942708662188639
6.62578084560533
4.78543043549875
3.23123094031861
10.0412375981949
-2.81208746031113
-2.73986560154798
0.4436015590863
12.445415867946
7.71481635657318
-1.87007485065858
-2.57559435906487
8.43011130759864
-1.13982434305849
8.40955945492833
8.40527762943466
8.54874328543957
17.227881559401
-3.49397233832466
2.54010051445419
7.37406604902741
