28.4658271419265
14.1100702139923
12.2823945381461
18.7419967782689
21.2261710283396
21.631184998606
6.60539320869763
9.33591083185549
24.9983199458805
15.0303459612186
30.7030027450303
0.834728462672562
12.796598343538
1.93148287073469
25.2182228765448
10.2014354607247
24.0810893716119
32.9036047835968
17.5620797397296
30.1562769106193
14.6366008004512
27.0244884016601
19.9460243872761
27.3777335272999
23.1898604914671
6.7756675979227
14.4112265545819
22.9930480854135
40.0977067218714
31.9340897339441
23.6334214353933
33.4938589577764
17.4912175698676
22.2899479374726
34.5651212376569
14.1426996201974
20.2632397018052
7.78209321650186
41.6157252490775
19.8115807621991
21.0362035889789
15.8069608030677
22.974251271291
21.3351443782434
16.4515440239595
20.1440025812007
16.2566471537585
27.2634753247959
5.2291045231828
14.4148265341783
23.1899031346433
29.2499538142608
11.4424627481483
19.3944177655913
21.6447193681752
16.492693980881
6.37446336535904
15.8981667670297
22.4904628238418
18.1614433608171
-12.220940001045
12.0276281000679
5.40487746615192
17.2474115677018
38.0741598341712
18.978749243881
15.1477007281515
-7.43019258770943
6.49661325038899
43.9924301164302
38.1970980191777
19.8469132111318
14.6584717173618
25.1002504233869
23.7441865566925
33.5361830492886
17.9508388185315
25.0202777991785
18.8552717028643
15.1720014174962
20.4050808296216
-5.8615376064267
16.1341159701037
11.7340886406452
35.8697627772802
7.48420823733809
25.869737405721
15.1767169038961
18.3844672437708
21.127590517077
14.5704955572363
13.0570150837888
19.4392410112152
17.7333580692602
13.6432555711832
11.1023537702252
9.22124976553893
20.1439175524592
14.6057745360804
14.7240587197928
