9.50026835855428
9.63685327014838
8.66581745863316
8.84977029267369
7.7530507889615
8.9562554567675
6.69859220790314
7.03292647586674
9.23340858741197
9.76377056107606
7.54297588700759
9.27801062073206
10.5131567911732
10.8543029053419
8.90987157816894
7.54760986883534
9.30274223768469
7.63103992684685
7.71482079112557
8.07858805403009
8.05013704888669
8.52207647167069
8.28307857910539
9.55371001578269
10.0587590946604
8.49437033348215
7.11794579060496
9.15211198904655
7.89206322047073
7.88635709421509
9.53608608354677
9.63736021678045
9.63455879350551
10.7022937595635
9.69445018668937
7.16670867355696
9.43294974515583
10.5038954972888
11.2851052150681
9.91260127411699
7.78443796971282
8.60794312821047
6.84158257960313
10.0029493828188
9.28358679152129
9.91100788574007
9.81283868026725
9.90238325594886
9.13788703175234
9.72191959553662
9.79088741574428
8.61926185419311
9.3520056115419
9.21183928034569
9.17550630225381
10.3690970795328
7.3853176313969
7.61133716495746
9.0401783546991
9.20486248966215
9.02397786939784
8.55437048363329
8.24466217941341
9.58973888456652
8.99380256054827
8.8901027052321
8.00095394701148
8.47810445816931
8.47131041507735
8.25414375042578
7.63700119777888
9.1385921461238
8.88335879650408
10.0241105431709
9.02345678401238
10.4342552052508
9.29174705435678
8.63908302339905
6.71885793913813
7.85874516029905
8.52836478815318
8.69958520039743
8.70960795998201
9.57359457804362
8.84466645502068
7.65653835064288
10.4482382682877
8.3820028795385
8.254464501521
7.35062025041924
8.72330729222353
9.46323960529893
7.91709132145266
8.80111966231275
7.69366414361198
9.73402461706723
7.27341944235459
8.66238915106245
10.3248238663362
9.40701290745003
