0.166001775611826
-3.56563407405308
0.248828130409978
1.64446666374934
-0.368240308179419
-2.08663361968766
0.237007675856027
0.729709562402244
-0.348439834203767
0.564445374243897
-1.29353100291982
2.2094192547671
-1.90700587505955
2.10977743233149
-0.331684218154085
-1.34545871673538
-0.997959765643915
0.0717907533477069
0.321218722437476
2.19366902516608
-0.696695630396997
2.66047004663164
-1.21568385803458
0.388205038208031
2.88275810877337
-0.575749286429751
-0.447420902014128
-1.11512616558614
-2.73604585838017
0.262448623790173
0.226381557156252
-0.665008250706157
-3.09270900945743
1.11799508748832
-3.04939198304584
1.30077553217856
-1.24134576445862
0.892672183861095
1.46905612454336
0.349284284988248
0.330797973630757
-2.06013959599229
-1.77199756785233
-1.92810869346101
3.60311371153727
-1.83491711193383
5.06993761086967
-0.759899192520239
-0.130484385137342
0.488406850109072
-1.47125299932978
-1.74681351129907
0.461109751550231
3.86380563230572
0.38155640230081
2.44827423719552
-2.21322094162927
-2.41009174490215
1.43338158976907
1.16915598282585
1.65532631852153
-0.930353163087257
1.54179009181748
0.794036120182118
1.50083388683438
-2.10965023616497
-1.13997742808527
2.5177535968801
-2.07933334792354
-0.0960211789711652
0.317333156505571
-2.17263212521589
2.47858902573321
2.87762920757065
-0.770781751484837
-0.247228567985865
0.986910812542353
0.195539676316834
0.532492971352243
1.85417156599401
1.64819390973979
1.25418814604644
-1.03223282188036
0.677514648376579
-1.8916690977713
-2.4273607170756
1.56288830734295
-1.11212266569598
-0.367283887428397
1.80752223045925
2.06939285613568
-0.981249336621321
2.1844886588833
-4.29494558634373
3.69853609334751
-0.426336507523121
-2.20902271792037
-0.945460677248321
2.50917950441805
2.347358940476
