-4.35772476792637
4.86871280253238
-16.1793701141511
2.76795926170912
1.90639121540966
5.20197972391665
-2.78658914535971
5.29726538638491
-12.5949167625136
-4.32339908731356
-11.3259662286825
-4.49901847415429
5.51954144642304
-1.52921147166189
5.0245563573421
4.44189856787564
-7.41382989551491
-10.7185474433607
-7.84485924225102
-3.36162873149791
-3.88927001104815
10.1513840721384
-1.63288079675254
8.32379248748352
4.00783172726011
2.46806103486191
2.92554396171393
-0.302825934613199
0.466752074944876
-6.59681922003465
-21.7382510612554
-9.73652485691598
-9.07141170661493
5.02751699502147
-12.6748059371025
-5.08708975868535
1.29423857812564
0.239898505895941
6.01569123339708
-5.87039685684084
-5.71913050577458
-9.42861395656429
10.8959526589903
8.53719719425762
8.14631361472239
-0.88213758215273
-3.55277781276022
1.64319856060417
7.38473230832114
11.7292277267577
-2.88746561044312
0.114424162706519
9.71410823677565
4.30807723083523
3.32990046246848
-3.54407917330625
0.0368193796235672
-4.23589721031437
1.33485249580207
-12.2874014667202
-1.9922619972916
3.28962872541471
6.3830287330499
-1.47054962563494
-11.1147665247443
-3.04082352652087
-2.3176376488336
3.43237568000332
-0.242760813858991
-10.4522826311602
8.99439147183295
-0.892207344510807
-1.27281121879443
9.75822734014088
4.55650552202207
9.38462905538846
-1.10630452733774
4.76228400594059
-7.97505447220601
12.992219527777
-14.6018717386087
-1.59513404328632
-0.574869169404038
-9.2519971535958
3.30751683343891
-2.03466681881662
13.5194389203874
3.0925930902436
7.18144647869964
6.9591473178836
-1.39529689187396
-10.615764377325
2.45711336343292
8.2602666219492
-0.520865168770653
5.27628981318695
-4.66865293339641
1.33077804098099
8.77024706348648
-6.55705489784707
