5.30050966482182
7.53203265302772
1.43806095763368
5.55829900659597
5.84810075844269
2.56912399657227
9.45989946243237
9.73953286673994
3.51533801965564
1.5671055995435
5.25450233184775
4.53821919189765
4.23010797485979
8.81726286415356
5.79910862048022
6.33661530456567
4.42731355978175
4.29683670818028
6.51636733937752
3.18673802124306
3.26473373929107
8.90092469871001
7.38988462292396
11.5507445885637
4.95567997069811
6.23265125745039
5.7026756074788
7.95382280442178
9.40978395840283
0.335030196218747
2.64905702700232
6.17883313386899
7.40000933711739
6.91680234663096
8.07714749402412
5.21927375911987
4.700451208529
3.34200344366534
7.85155603177359
4.82188985636809
3.71979434316079
10.2964835882442
6.85574308684448
6.61947374967897
8.00669310350308
4.78637913229559
4.69007776622663
2.66242358347418
4.32687575407358
9.48352959250948
6.04633687270135
6.23215744151115
5.22178946190422
0.636961704793091
4.2264870349474
6.07398952689043
7.07097578993258
5.05214084957672
4.09227715544989
2.47995374824344
7.43797787661984
4.33016061675023
4.89269795577808
8.00103316641192
3.4213032003394
10.1821434833941
4.56890528317859
3.43005269087422
8.40118650304968
5.8612384360635
2.46841997936126
5.1023549846278
3.20433318455662
8.54793533367455
6.73358309328706
9.34432377020812
3.02607227091857
6.00413533395548
4.17548182388777
2.6541531498569
4.60282978125452
2.77775367336398
9.01679997199855
7.46807344061769
4.05365209449603
3.60963404558669
7.26145410730822
8.20174638233792
3.63535702741366
7.12564011389407
8.2629249460726
6.64696885867
8.72829962678365
5.0645638852768
7.32359641060417
5.54221282638839
6.49965882842275
7.36658602241354
4.31523417872368
7.53591516140884
