11.8448619617398
17.4457045763792
14.1694574345595
17.7826513001852
22.5934902682125
17.0041446083316
27.5410411311865
20.6462809585701
14.5578497176299
18.6700432664756
18.580480017563
20.256861385368
12.8662092492498
19.5280806179584
14.9624731339789
9.58831746941295
16.7761229316465
16.1278623938888
27.1661312402817
5.85145922404639
11.1484948128706
13.7618156808634
18.4086188520488
18.4922277603003
26.2266901368352
18.4109601925635
8.48219497153415
21.6272269222792
9.38924591275222
14.3061457521345
34.0304362354698
16.75408382427
3.24265994589386
17.4185007527991
12.7730526234258
25.6957090004243
28.2230858090491
18.5119600308524
13.3952181773052
25.0773556994328
14.2680005536696
22.5497866261003
24.4841882537368
8.51446449459776
12.3464641312348
24.816345255609
16.7221805378586
24.8409139730016
17.3809485780893
20.2672750549845
19.6393021977504
20.1723535088968
11.6345535368332
14.2943182135565
25.6895546776683
23.7153142098386
15.8754523889098
20.0028157188066
18.2449667604773
14.1123472402664
5.71208989277032
23.9399923087267
30.6606464230931
26.3920061181467
15.0881984621456
26.5877406735526
21.98820020108
29.3544266750121
17.5060299579297
14.1188316620573
11.2253050127849
21.2589308093199
21.5576859628474
20.8706226051689
14.4816665868139
7.11146571726732
13.1481215053499
13.9911449710279
22.4876986241895
9.77053253244969
24.7180286302222
14.0176676824336
30.2375580693773
14.77288811066
7.03131847450997
16.0751975334667
10.4044230888756
11.2485209268501
20.6530977669303
10.0401634299161
18.7864457972366
12.1550293912123
24.5954586532392
18.9138482094096
18.3115887362652
25.5622825651232
19.7907043960693
18.3616174962441
11.9373189804999
18.0188748810642
