15.6730462442545
3.48474944195546
0.297928890072776
4.27670915943186
4.89693925060186
4.7270411449733
5.63890705578293
5.46505230956587
-1.28844796128889
3.71918608485956
-1.55147121436034
1.99252838192542
7.15374689900531
4.45452520024559
0.299100947912573
-4.05912085982873
-0.526950912967522
0.952752298429157
3.21408251147004
9.74182715957691
9.64021210666538
-1.23995954536905
5.81615706151808
0.127724418636364
4.36205303376354
-3.00943269802886
3.50673579571132
8.50255211064073
0.871443454283928
-3.26698846169717
0.485288493915057
9.3222606270188
-0.468191803096575
6.30772893084522
9.5974572828334
15.1576228987292
2.79987696307446
3.90892035993166
2.21194016037429
0.801684909982364
-6.0759842912672
4.53562109746186
-1.16072145215498
1.91806335125399
-0.931046401534981
-3.90536094928383
4.81507848231013
2.74029914762132
-0.460214581064065
3.21548584409598
5.17801918181256
-0.128705053108424
2.29494558562862
4.79576650393289
4.19180503324464
-2.081020545749
1.1472679279919
-4.50461939677053
1.2599042769239
-0.395877227542256
7.37643431594814
2.40647045855817
7.69632836860291
2.37666266101351
0.985021585700096
3.49511387402447
10.490631617307
1.69730103810545
3.25927866337626
2.63732411522194
-1.88945984116226
5.89151901221715
5.05693245436677
7.04690340091124
3.83925217234055
6.21307136603815
9.29443803739938
5.24837643392606
2.21354733981058
4.22398760858898
2.81239836570804
0.752950122340962
8.1723270741581
3.93885903498209
1.15985820807218
4.18090413154766
7.37506166293963
7.52368940930957
0.358333260712387
-6.628635945581
0.429017559752469
3.68535564563915
-1.74268290653234
1.19705390029255
5.52334196002309
0.663539137746432
-1.06913713526644
0.897298432156111
-0.586293445305027
0.94568339470685
