7.23735900354404
5.78323979396355
-1.39186764932827
5.08168649912015
9.67692879914123
1.59266659066003
12.358009894312
2.25288093954851
-3.830076492265
21.6210165718193
-0.188414209889176
13.5580556878671
2.12199469210977
21.2364198443107
6.7910649573311
17.0209289066023
13.4872522403059
7.5688447640795
24.500120404477
14.3824263571814
11.8414530210724
9.08527585337382
7.63872983098088
11.8512522861576
7.68927894595776
19.740395099695
9.26350358639705
2.0130068492127
-2.01880137383878
1.64516636231821
9.40330040790785
-3.54078331238064
3.15619040057976
14.4462208991647
2.05513812735283
13.4732091614933
14.7841759384416
-2.76832309476797
10.1166708130149
14.5499212225245
5.83370929405818
12.1928482282422
9.7186929907931
14.2238173032204
6.94010624651046
26.4389610081345
4.88709107965087
18.2438315213243
8.45041249909322
-5.52560877251986
-5.90051684136193
-4.46168118482293
5.13871069364644
7.60303062521922
28.9659875156791
-2.46329953601536
10.138118338069
2.5728962290411
5.10207459576481
6.42708082479694
11.0847159806828
26.21942106519
5.26229749204468
10.4928410943629
8.39335109689037
8.33261656236992
6.87824488593676
0.00219400669225323
4.80779700613169
5.15035941163962
6.50573995649582
12.9784330054445
2.65486236125855
15.5237598448073
24.1872884031089
12.069193563777
13.8113340695947
5.20157641605069
10.7849952310615
16.0325347674857
-4.01669232770394
2.76674785627607
17.19853679877
18.5825788140732
1.55165132090591
4.79246468376332
14.1177689513942
-6.7553912412669
15.8575213881803
11.883084110264
13.0628703221935
-3.60557113645257
12.7642088213357
-1.04593380631495
3.02186399593656
20.2686893064584
-5.9088979190689
2.35699546895124
4.52460736051204
1.47827188387245
