13.7461299616409
11.6501244626961
13.5197718245043
11.8391835100255
15.5758798625847
11.3374002790216
13.724070644062
12.9552868621932
9.59905304901791
15.4583717070528
12.9850562272105
13.0062289396483
11.666542913197
10.6854813211983
12.8453763986955
11.0869713993219
13.633025660339
12.5489523539206
11.1776208617233
13.0217509523198
13.513771137461
13.5932150712645
15.0172313566046
13.1437088877368
13.3535867025152
12.269677352803
11.6905159919134
10.3113457065153
10.5786741800106
11.5135859193333
12.679534423566
14.4983958411276
14.5503405248329
12.0793863621216
12.8261503783668
8.95292391053039
14.8814086806368
7.57884424868121
11.5294597155832
13.9112800131361
15.7395280791861
15.0183959160564
13.2136315752123
11.8539382002205
13.5891498897937
14.518654054321
13.9687464794916
13.5999552071859
18.6269267612073
15.5744668204565
10.8418588283802
16.9959780355164
12.1962079941801
14.7757745951368
10.6537816908938
12.4731790572737
12.1535980562336
14.4409893520607
10.560061557203
15.3181968271409
12.4122134728562
12.2213811478836
13.7777980276296
10.9113409600391
9.9509358493325
13.5548805316364
12.4302896001707
11.071971639862
13.48816749098
13.7980221900673
7.54380412586674
14.7080519144268
12.8094798250513
11.8660866374051
15.7888321377105
13.7846547482192
12.7993499513597
14.5204402501783
12.4025533119606
16.0183359177933
13.1070071385618
13.412215502829
10.0304516353182
15.1864177330896
13.7678651895463
15.3184913848273
11.351862683531
15.0919613498541
11.6025218784969
14.8504719473136
11.5506509660153
10.973149963784
12.9125706914929
13.4947736612393
12.9158940139685
13.1548323952827
12.2650621643413
16.9561078551343
12.6055655417476
9.53966212773964
