17.4208147527941
15.3082751038641
3.8698529285075
10.3685380833401
15.8766093731496
12.9049149719833
5.94905210366756
31.5379447169977
8.59997766719741
24.4715097587875
36.8799267197937
12.3861115707029
13.4445126967326
10.1488793396928
20.9016119971728
-0.427678984574861
11.8628258941495
16.2955358300218
27.2797866965171
13.5810998370469
8.96768537442547
20.6620318585481
0.28749960728363
12.5621225728695
9.78280139601231
13.9734743472958
-4.62655591577027
-12.2886680325345
16.3599131281192
11.4654844452806
27.8069850456219
17.9740225686917
31.9413681966755
8.03619386732459
23.6369945777584
19.4758067876031
19.5629389643462
10.8174803479665
0.718138206704744
27.7181523971443
14.682103256359
19.3033816165509
31.1427515948429
7.07616511718382
19.1200126751011
9.65437634052642
16.0605805309338
15.597190926387
15.3576831692998
5.97881217941391
15.8018002960738
-3.97806733127415
27.8538114693804
14.3003958141052
23.3659896144392
24.5880029900405
25.6770806026164
32.8306514860003
2.79530381124038
2.33632270569232
25.0930010758906
14.655590698647
4.5036783128465
15.8945704069021
23.8151462418161
5.88536508286719
1.02730312836778
25.1637815499901
30.6932783427322
17.0941763633295
13.4170676632446
-4.85493972792454
20.9699785486412
9.25636126510472
24.8739204407646
6.83713960722918
23.5605310576809
4.30372141528847
1.02719965986079
12.9821988631826
3.88279727264288
7.61328745118791
2.16256714003569
20.8101623809895
28.9924301653948
11.4611516223015
18.8989069119056
9.03054332736049
8.93974934871378
27.5266553128572
17.7339600048956
22.981327876902
10.8172208402394
17.9576499134823
31.7003308428252
22.9201413333578
25.760689974821
12.5386903693648
39.0720160376931
20.721147168323
