21.0613655626632
22.4189328341663
18.2135983812227
7.62392201644113
13.7003792675522
7.4721897586645
13.0469991191624
4.20785162086081
18.1595944819496
11.8228970689163
15.1367192104387
9.54357170272896
8.57671972938685
15.6104679396213
24.0831906608323
11.4708297721525
10.2393234087322
11.3382079558032
11.6596326375011
12.7789931197565
20.1595707045967
21.1965834761685
13.8694148472366
5.67324629345185
3.54832086879237
14.5981451247519
19.4117484986983
2.72750015067469
11.1814286003796
3.55497279025667
12.407741562634
17.0605118283409
16.3632674093652
8.96258951708837
8.27926996219651
3.59978335382782
17.5540147398836
20.1073959583728
16.6834726589378
11.0118404606273
7.31710546718815
7.44315394467875
22.7425175008817
12.8372590893715
14.8353199183527
7.3182165080514
14.1344431859858
14.8412115750498
7.21502912398601
16.1059253739448
25.5767494216848
15.8619534903532
17.347464082896
11.9884305986948
13.0045649097568
23.6720271122021
5.89200025728245
10.5792406357933
21.0884757770488
17.8729958042584
14.3459296939672
23.3617667707872
22.9111035044671
15.6175169999731
14.8015407867012
15.9044018885118
18.0311502427688
14.5183953240122
17.6393870662882
10.423130898948
11.4398606743545
10.6677744056961
12.3694148510873
4.04686075209242
14.900970304057
23.5811278476674
17.188660276572
13.696068988925
17.1559504114974
10.4498302502271
2.89116153403665
14.4211160228678
-2.22040178788524
4.9280458220865
11.239647546696
16.7541798107085
7.52053838026475
13.6306973158945
16.0703722653125
6.83322002820665
5.82532936054129
18.6606781844173
3.44284166716833
19.574032443025
16.5599275522299
7.86280376352732
12.5219709344648
17.383676960393
24.5750933386149
9.30983838320497
