10.6204796562933
4.2849780702052
19.8079368205746
9.57551301426112
4.38891600077084
-0.975916383366007
10.5530866766755
17.022363386027
1.54718134498125
-0.831270321116747
18.1718008715902
-4.35623815244222
13.9992179017441
6.02851532593788
-7.63690792521801
14.1585903141302
4.81739821587822
14.6850186738714
12.7152503365945
-2.238706869081
6.62833882396159
-2.68407447803144
6.86476833826721
14.8220548792822
18.9892276408883
10.9122616770768
-8.88510398604903
5.82402983398177
12.5337515240483
9.24715437070609
16.6198258022208
6.57613045705737
4.30944091412293
10.404324750766
3.35893993772683
0.270519183771989
15.5048561050043
3.92999766532567
-0.566663593046421
1.4395813120617
15.2546889297088
7.00186572725568
1.42391497331321
13.6313656348976
7.67637561066604
12.3965736637586
4.91873158057818
2.4527734377899
5.39828843352979
-1.01391301712856
12.4204391407415
10.3449515511736
8.10744337308081
0.370707845358419
4.91420375938935
0.672599572129597
2.36374414427002
4.81549404717242
2.14077790075089
17.1946422601981
16.9083444738565
19.0004624064981
-0.642868193902071
9.95932530250968
-13.6113012126715
8.81057457290884
5.21219801498472
9.88093355885221
7.08408985669188
8.96286070124937
-1.7695213203617
-0.0447628564162343
13.2641555831789
7.61907511033669
5.34690647400769
23.4085491651374
-8.68427816085713
13.234603868098
12.3293217769425
21.730172485595
9.91747485454343
-3.53090848000588
6.79472895029759
11.1444955375814
3.333373460855
8.04675989455455
-1.82855591483539
16.6207459436242
-3.50199629404564
5.53627394343844
6.48350015447241
6.14198365623216
4.3683354885482
13.5841903176397
15.7089834281097
10.1347327733052
8.66651927024446
16.1264639629035
14.0796900202586
-8.7881051489049
