25.6069616640192
10.0794617259003
9.83715773815698
-1.07572907823439
-1.29562432614275
-6.35961258188187
21.0351806909655
5.1804986370917
14.4654489512276
0.105540664009325
0.0368463564685229
-1.69793588952037
-6.06057554957381
15.1419422658598
16.3395797049384
2.09110626283611
1.15748906935297
14.3218416456014
3.62229910718361
-13.8612785134731
16.2100247449537
9.24616360160758
1.01581909605725
14.7363462046671
4.54520797893624
2.4849046071665
16.1145123527179
0.572441364597185
18.9601303590574
-2.28656750372779
23.9130928817109
19.5309928970734
15.3065459514993
-2.51207716357819
0.420440925712326
17.1934332774423
11.0958457463912
12.0981993424726
12.081109198405
17.3575567800842
-0.128680380074204
18.6039798730181
-8.32239037288504
-4.11639112075673
20.8354954974482
13.5013231657626
-2.98726314144003
16.2240677133236
4.99048006309456
-1.78637371058195
19.4871960956212
2.02640236067257
12.281787596799
13.8686853407268
10.0794301769292
0.628292028001487
3.92596036371734
2.6561495786153
12.2542835393126
10.6061210855565
1.3318149088389
29.0220291211975
22.4073801434748
15.2731121900884
-2.006778311557
15.8653296166788
-9.75976569320854
-3.17042761446712
-4.33325470725143
5.01134703915343
-5.69913668143171
17.4138033965301
8.47505048722848
6.57219366152037
14.9066836655208
11.8205156759036
0.179119766807014
5.5460351470373
-8.50383952067658
7.94212065360131
3.09038885238716
12.2376035567033
2.33569410768478
-2.34822373892713
5.41274640770232
18.0925281268264
12.3015287193458
5.25687582504408
10.344923235777
10.1060368730059
3.28346697045543
3.5828199158064
0.963079638920893
5.85700530836847
11.5254520425526
14.5707130416047
12.7322494012479
2.58593167840429
15.9050931651169
16.5397099297573
