6.48213662701479
8.97438531568848
18.9156881235268
15.0999186346082
3.35249405895263
2.29200360248077
8.55687108099836
16.2165037353608
-0.311191963444265
4.49492429597417
16.5483689555169
13.3222142199213
0.56066023407087
9.83179581448386
-0.496103888945639
10.922546171891
-4.62971242458382
8.23045847902402
2.49841707932133
-1.66284265912038
8.07219222598572
-5.92191125002885
12.4629230523347
2.84616511216675
5.85985562505093
15.6761464540187
11.6628119697129
3.96018216908072
6.89148368889249
16.1603924887129
-6.190739841998
0.327045153054524
0.986838940708602
14.2633045354138
5.67247999046948
13.9419847722982
1.92211982747158
0.650520748200162
17.274563088845
7.34439388461449
0.933456656679846
10.8245226209739
12.4686692409958
-0.452750721999443
21.8948814061451
3.49157867007359
2.54259213862178
-2.33319578465515
-10.2908983057519
11.6955311896413
-4.46642605719766
10.4728978478536
5.49598164767929
-3.66645302108533
2.2866896760381
2.62038704519832
9.04498258748764
14.5640818123341
11.9751194540603
5.80105377502612
8.92238718501384
14.0698677294458
4.81594122511569
9.51349560724141
9.82428874072918
22.0206432880679
2.8781108610126
11.5187628186024
9.22135053706556
-0.963238011902908
11.2503640358326
17.7346764059743
9.96676855366733
3.30587440629227
11.8980443416703
15.2327044671719
1.96317539304955
-5.59395112644844
-3.97478945328246
17.45500695489
6.33404015763816
-2.39167709043326
10.3181592787811
11.0156584310698
11.2012495313416
4.66877661058276
7.26481198109562
-2.46049316929233
-2.46320353927523
-0.0814398728818304
5.43127787295112
3.13152658899474
16.0791725583983
10.5563613315265
5.14763095242225
5.3319321894925
13.3661437941451
1.53059884924706
-2.84281514267515
-0.293296952260556
