4.53793003436765
-1.9163480765678
17.1488037168653
15.0754466433083
25.5650339458886
18.5363545602093
10.9514720232817
11.7638430589135
19.3797543516619
17.5528287756141
5.94599618422861
9.86414101485744
5.83514944721981
11.1058721724068
-1.51107048520183
27.5467531557244
15.6849885750232
15.4724792213924
14.9336372930623
7.6925793896672
20.5244958627537
16.594455400455
6.1043421706952
-0.389544948146009
14.969709981572
6.23578087007048
25.0480580938685
2.80026220757964
23.6039424323881
10.616168128185
12.7381503910174
13.664650079748
13.6773798379993
3.89209397416786
22.4297392139114
18.1188897617144
13.6088930180729
16.0638962854928
17.8810027676909
5.87649677454715
10.8782258441778
15.3727049654932
13.7094693964662
21.9726385617847
20.5220066280292
17.8902388586092
8.42997868254031
14.8196207713993
18.2143270210007
26.6589260316122
25.9874896429538
-3.49269163006765
21.902812933673
16.8168050317505
14.7628149914281
12.3998545345278
15.5335228299959
18.4879043151624
5.23212278394828
10.0550132785565
13.2056199767427
25.9678316185479
5.29484468315355
25.1598284823103
23.9577422023743
10.7613463826937
14.3486890319032
8.57151446288744
22.7868161786597
0.385313794972513
26.9764034565955
22.2940678220197
25.2564389565022
10.5765113064607
12.8989622803324
6.97341174196039
9.34297131363634
17.4136385181857
20.0275897179652
0.858232693403563
14.9452194588901
20.0099936061872
7.56424029480041
14.4504359038184
3.50842452565039
19.2958659469152
12.167924768947
15.9497105901344
20.5641229712585
14.1343500612851
6.94765546596354
0.154328914644353
11.2820016583755
21.0546544326931
4.09382302859391
25.7943746054114
27.359439691741
22.1438929582318
22.0016897948318
17.4527339769507
