-7.38979215530762
0.938924368858857
14.685975352101
-7.72613008022032
24.2756623468262
18.0242677023674
2.28647449156475
-2.19744469921419
23.2535645903403
12.5932454324428
15.8708058490286
6.62318414353153
2.9675872930366
15.9512758366393
12.3144149006923
-1.98457371281383
19.4824382109905
8.51701191242641
-2.49674087830677
3.76638826173822
13.4080511299565
11.421578492666
1.15999626093019
3.85404022429274
8.49870678424597
3.41852209107827
8.3174095597846
19.8072567723547
5.04038328607337
10.4493985573274
-12.1071069094012
1.18535083678283
10.1625557659075
-2.42550194533555
6.55506506870982
-2.21910652172771
14.1266275548086
2.10370203270549
7.28416330286623
-11.5203735442307
17.490001639499
-4.5926708437801
4.77118698783228
-2.99560626264397
-2.75572644162549
10.7422903356808
7.64893093688411
0.291983637225216
2.56374712242579
-1.29597306300821
11.9781569104071
2.4110311586246
11.6175926388822
6.26709800824269
0.194832820187497
8.47049307347012
10.7774859728023
-6.00465018814407
-7.92852104623608
19.2478997474795
7.24495661623618
17.8503545309258
-7.53949924742988
7.47253113122536
-5.39515520731357
16.7317081411787
-4.15231431814932
-0.594679962951088
10.4678692354469
4.96817256700167
-0.275941593101681
9.37894615912684
-5.52360102695769
16.5614254985751
0.378992875443026
-0.435369945671185
6.65539376564241
4.8908052264132
-2.63899228055514
23.7878183954238
-2.3106147380255
3.81689684076914
-9.43044708038069
20.8100328757906
23.1321667788587
8.97335389950529
-5.17114771699596
11.0740450032037
7.61936974645926
6.25349952834564
-5.70691085863717
12.0268439955576
5.49823635593708
18.4504638587643
-7.0607520296536
4.07840076861511
11.5180680487246
3.15351051522735
12.1569180480046
18.8022011256699
