12.694802556575
0.796774283177687
3.72944799485755
5.96448038158281
-3.9289462663343
4.7967193558311
2.36189547353113
0.608218110445212
-0.488639428856844
-3.89224712683664
-3.04684550234265
-1.98826311379267
10.8919694049023
7.72079775951853
4.4552609875282
-2.12789612337296
-2.29576670405254
15.7296409380083
3.45034665448385
6.25195559477574
2.87668081743447
1.80780662479145
6.25651554049383
11.1124158677685
-2.47887830730199
3.13977519950013
5.01787019454524
3.2875466855535
11.2551107666049
9.19360217711761
1.09097660952374
12.7814741363342
4.75094507133666
1.71501814554315
0.772680337878761
6.90758802025094
8.30656564665301
4.0844903880464
5.06036710399635
-6.85323850417304
2.19263352772447
-2.89051636036175
5.81249062813014
1.74542714129193
1.09286147905326
7.42395989464042
-0.218687695263151
-1.48752406036113
0.702157847469231
5.92066420275935
10.6634570886375
5.53888832453419
-4.27409190813868
4.30601459065279
-0.18981827475711
0.224580046473116
4.42233722013575
0.894068668459184
2.14511888149943
2.80967150753501
3.94565032601707
0.284608537131652
1.32207371178692
0.146328198624563
-3.31330758317684
12.2472565356062
12.1001209872778
4.3539995455799
-2.88054803655514
5.82236503644238
-2.54084564393907
8.96446052825322
2.66950449267089
3.72727115361521
-2.42718567080217
-10.4170342848447
4.68669993168416
-0.0736595513847038
6.04880569786254
-3.11599707028286
5.59844420246158
1.51784603608476
6.04094616496385
2.13424005445254
1.35524292841575
5.83032374250969
-3.60282916859088
4.91208927624471
4.77027507642213
-6.06929081648018
7.31651067525169
-2.32008310260801
6.66669157163026
5.816026546246
6.29640564674374
2.91264033079708
2.18686302701743
2.38732960164359
1.80966930000888
4.34175324986014
