-2.14316858348199
17.103533241923
16.2191919893663
14.4277546104491
16.9195010401345
25.2687631164462
25.9087177372585
25.3686629567017
44.4198540984417
19.0623758800879
-0.273625297766639
17.1778525377159
27.9446565540118
17.5343969502882
46.3749121766354
14.137632762392
14.0673717707498
10.4501592356018
8.90624134755872
12.6846176477999
17.4913924663437
12.5368494062327
7.6117060429797
1.34126179244267
8.34036387242176
2.82542054662716
7.19678410341473
8.21496407298121
21.9067648007869
27.1754068808205
20.6279792182166
14.5888511405044
23.3871262336134
21.5382312167951
30.7484032608137
5.70566464335423
17.1023800110494
26.9200377119224
12.4292211842965
31.665132284597
18.2528581035969
15.3282417557557
2.16126958520878
11.2786703569796
12.3551386691595
17.2460969592424
10.1073022350847
19.7564109452919
29.1906481026582
7.29378494543712
14.8745609319737
31.6117959209693
20.6799469662843
19.4889619834254
21.5264580099956
24.7786025343097
4.96514329268876
9.61269871897747
9.49019802791081
12.8170296679828
9.04683420763924
8.53394406123194
18.81156766063
17.3155853219979
15.4458776055532
13.9243671254642
40.1075524172541
20.4235780018243
12.8402539218902
-3.06260784007297
-1.10201200627421
-11.0755233223188
36.4056089165828
-3.53050666745186
19.3868637698803
19.5951474986238
31.0998217392651
22.7128457109082
14.1901983870838
37.2706466400746
-2.82550216095566
28.2625137950301
18.8825974804136
15.4875809537592
5.18250778478373
20.5360311242465
30.3202548699423
9.31535647487791
-1.18072776435601
20.8101240748913
34.5359289550171
10.8447986282705
17.1092636316876
14.9477173426743
26.034681109086
21.5765932628728
22.1843156999953
9.68950532664138
37.21551234052
19.5133708004837
