0.905014865822368
6.92809686258422
-5.60325300168724
-3.12639354555674
2.76770108075834
6.54402634951204
2.62232389802339
3.09057875367486
-4.98554324994594
-4.41135285281018
2.89862668711195
-0.124363637436002
4.18671750398544
12.7225667380756
2.11884480359331
3.73655758240561
3.91424027955311
5.58535914054882
18.8213570302882
5.8930715884901
3.46474799453476
8.67596850050019
8.2058714813454
0.940598963230136
6.90383287079329
7.75699133746787
5.41566926121029
4.7917239603797
0.732518287256078
1.19093441489504
4.02103457868041
2.72428357043609
-0.90184526230277
2.07788699458247
4.38832191899097
6.04554285028559
12.9768854031765
-4.03199775936636
2.75376227670203
-0.214935294873758
5.93184353020399
10.2777568624651
-3.69232510281719
8.48284946232526
12.3056793933382
2.01249035456535
-0.0134471600206911
-2.62288665111269
0.319214427149674
1.63179099981261
6.35663263652045
3.39278604391136
-1.4084256416131
-4.03257269383285
4.62541355621265
10.3865308537237
3.90862043666728
8.36488838864921
6.91416564468695
-1.66151953069375
-2.58970315741072
0.50646409087952
9.43695898562445
-1.89596689126676
4.90760317862617
2.80712653279363
-5.97258156523884
0.993182461426504
5.90544140839203
9.52585593767574
-2.22357440352511
8.34562408400636
10.1379382942506
6.22974826744432
1.36253223181666
-1.16089739083013
-0.358796088783201
1.61938615920155
1.39726500383365
-4.32773930513131
5.67556001870765
0.597890748236233
5.25465819842415
7.43860270771839
15.1916035340601
4.27685668439104
9.10977388512408
5.50297623964532
6.32810481919893
14.0380963939016
4.44971015466238
-0.859473289249092
4.16956567098873
3.85097920936991
1.03760873988053
1.238453953274
15.043769492464
-1.49484203143916
9.10236427789006
8.86358758468161
