1.3590391306262
-1.20609062197601
0.567320835129499
-0.814143178519711
-1.41952745251331
0.802352104540476
0.335183852757084
1.21937241958861
-0.582507524240344
-1.71938039471732
-1.36790681578635
-0.257221901110543
-1.78456795743396
0.697541228517548
1.05978283046454
0.450282415669051
-1.4951941214603
-1.82314169036753
0.426176179607567
-0.282512989302834
-0.566640648145104
1.61694827581167
-1.6682555039194
0.295828037298937
0.815741454983873
-0.310546684620733
-0.112750078663754
-0.956012369062387
0.117412522586471
-1.20923051684831
0.836562236416542
1.41099402844392
0.522886571529923
-0.645903203518797
-1.08281417996905
-0.0935408965393837
-0.692985883089142
0.417306569128148
1.29954919128579
0.363244445599154
1.65364358163201
1.64123076471497
0.484153762870792
-0.115131462315414
-1.24033540072119
-1.35830158421975
0.492746916725282
0.545852697609041
1.3227276425186
0.17350008786767
-0.395124554657055
-1.04264716725708
-0.990542539703907
0.462220432931436
0.299525818348543
0.42942307739149
-0.691780916358862
0.0189651754059903
0.60143950868658
1.21538061129484
0.460285173250494
0.0503458959349131
1.78607617416136
-0.698835342021123
0.13658092138225
0.628418457954321
1.27243170575521
-0.366825737203461
-0.449997263297674
0.616605014936042
0.324216551224203
-1.03439415204584
-1.50735790013688
-0.0569975105860258
-1.15489156463483
0.8615276243229
-0.107911036622168
-0.627796164962212
-0.488103353041291
1.16894709866114
0.563219212726588
-0.402044935954181
2.47693302083137
0.727787207581889
-0.874530308434231
1.02801961263341
-0.261562699578167
0.299899944486028
0.649852301034943
0.369739814225465
0.604243178027375
-1.47026272254967
-0.00186645778972326
-0.159616740179423
0.328371322316055
1.16790645845686
0.204603644014596
-0.242520668484402
-0.176704468457245
-1.48252624404882
