28.206083904689
19.6994202169118
25.4314608364045
4.59295386901912
24.0311748605854
25.5056428845146
5.75771148149582
33.4821563038938
2.26601566565579
30.6730539028727
17.6361414501595
16.0091238842684
26.0198984025268
12.9683995047864
9.92740179907583
9.9855645390011
8.033356674497
27.415656144821
28.9937113580218
23.2751475789926
9.20980297887578
24.5524423340384
11.8406947266212
22.779189604028
-2.04109100334778
31.3036707432473
10.1904406865449
17.8753222117112
26.8578719944126
4.48011601779727
29.5498786784083
12.7262544429156
22.6286238847051
24.2044964428876
22.4746647218053
32.3017546676189
29.3393337785213
14.357148064172
36.204128744884
20.0466776865108
-2.2755259428759
31.8937263422453
19.8025374432507
21.1152888297753
26.0112070272533
17.6063438068992
15.0682929164761
19.838039296011
19.7954413271913
18.8816983596424
17.5013214377488
24.3248121461565
17.7230328583984
26.9295983843775
4.12035404319161
10.1465395337883
20.2288709498245
4.75172718036728
29.9626516843644
20.7903214206362
19.3609787742822
7.76777194567596
28.001488055094
16.7800875125952
20.9245327610557
14.6790615135814
13.5676008437713
32.0425694994944
28.2725494862987
11.595072642649
12.1230471670481
14.1011568939301
10.4831194438099
29.7437363520151
26.0958224529749
16.9331526583958
16.1709199884045
27.0589073714541
13.4737506096916
24.0675885289803
11.8672888737952
26.5075797298494
23.6897667743857
21.3387178665339
15.937101483263
2.58231106782822
11.8070693864725
-3.01928913136436
25.3030925911492
16.0382269486492
24.3873561703349
12.4458324024963
-7.24326857798644
28.2069694330933
19.2411306172122
27.054993161838
31.4513191451501
22.0286096070554
37.919818254726
25.9221115271629
