4.58204784922001
7.61534195724561
5.65843597750079
6.31273931798924
4.60901686498369
6.11479643595878
5.77937498721001
4.53458939981804
8.43565406921593
5.72941180942764
3.96831077981974
7.62048235987774
3.9133480351355
8.95991103475679
9.94174163980516
4.53704853448179
8.58861960825015
3.8243002368446
5.26740856295991
1.59497489827715
3.35408721348081
5.57693051668453
4.92844769773709
4.96212124321342
8.14454766219694
4.58122349254796
5.95081542724215
9.53422254911062
3.3543491290078
3.49185414637883
7.45609721634544
7.71863695205425
3.67966109603011
10.6063107005356
4.09730907264604
6.88398781527703
5.30270691458538
4.790235456394
6.69058570273986
4.61033775889438
7.59633157903651
3.62357641311049
5.91201497862754
7.17004543672796
3.47674769314813
7.34346631052101
6.25901005840803
6.83613327917116
4.76269246322406
4.25442065999125
7.4622251713683
4.82980403021331
3.98697013602001
4.28084479672301
6.53740905499805
7.62390780811977
5.49749734136907
6.04259221339492
2.82188286612442
7.27530117711417
5.12556175773821
9.47612570553314
4.1306774169197
4.02934324683863
7.2775131812067
6.54404257764074
5.12439355772912
5.68905207948255
8.39515288703871
8.23561250541484
4.66737779576481
5.63222510804501
6.20810142379609
12.062634774462
6.18674062901485
1.72170621021782
5.71327467370303
8.02913312559972
5.79901675360615
10.4085428550618
4.95633927303217
9.04774560452158
7.30234224016373
6.53641446833706
5.45303828907173
6.5346525522813
2.61705112759439
9.40292106044752
8.01437469429873
4.2382908821469
9.06219441705894
7.97543474853949
6.82524202321191
6.17151084346376
5.65125868652164
6.60580444310053
7.11609951278247
6.32929391739896
6.44006436007832
3.41272982953692
