-11.4606631591357
7.13040047837526
-1.97905770472457
9.97699988059739
-3.1323215069905
-8.52565927421585
1.70239785069047
11.4886182056558
6.93127654612521
6.43869013160488
9.45236066004871
6.10970678524854
10.2963968442277
0.644997839184458
-10.6391231418184
8.35957206957358
-16.7533025380057
0.0860141785433195
5.04843288245679
-23.0066268157218
6.26378477317882
5.22278523134812
-3.56716112959718
-4.95397470647182
-6.41809133014751
8.43978541590264
-8.42681466231434
16.1330457759754
-2.88914217671974
-2.48435440328798
15.0004466622739
0.849778802408752
12.20400978851
7.69861750239766
-8.94065249135306
5.15566812337643
14.9087103937876
0.0399169733388715
6.77162294418644
-8.20124649440278
10.1355111581649
5.52963901509428
2.08562332869275
6.24472477633707
7.22410836458962
14.0342276727554
10.4024599770038
1.49645904453792
4.86007018680377
3.68949442352921
-8.76684998753255
-13.003720726185
0.437856818732904
-5.38829569990285
12.6035487807058
-1.59351320862669
10.3050497269983
-7.92527995242792
-0.895139169341419
-7.82324667099959
13.2980492956999
8.0218787178845
1.42147516474325
-2.79222820863168
15.8662985127875
-10.6472684061934
11.6731808286807
8.57506995433878
10.6719826017106
2.77440190132699
9.60018048930074
-0.629521708777721
8.11944021790099
4.08392661285508
22.0145879056098
17.2745572767594
-3.68532280616832
-8.19774545629355
-11.1550787555496
-13.5167150345883
11.4638778969811
5.23312104262046
8.88177890158705
-1.51363476897099
-5.58452620691708
-3.32993056865518
-1.45345496114835
2.61440102255738
4.17496415577137
13.7479568153117
7.68471184422222
11.5599745165744
12.0601019491082
2.59109495857124
7.61197378083057
24.7320095859512
8.0530865426522
3.03644127457584
4.11731345849984
-3.38822026912697
