23.457558362325
17.5656868703982
17.6137294366117
21.4907294339186
19.3509618625529
20.1679356954294
19.422165549594
19.1966007992879
24.9684369298967
30.3770464121703
26.8587619996006
22.5277321834987
22.6351934804859
22.1177804587596
25.0707316611305
16.1692151262369
24.040261032453
18.2756423092807
18.003047530625
20.8115883769995
19.67704090161
13.8285523738149
22.2356024369567
17.4395308792535
22.6788604479505
14.4655367017992
24.9521462980076
18.979058692013
13.5973702192504
16.9414395043306
16.4017606509255
11.7383484844279
17.6681985559384
29.8654526453166
24.2191447692958
19.1253001675558
23.5667845373927
15.5925025936728
22.5340884690424
10.7871042877788
20.6305171604957
15.3868426616834
26.330664065789
20.8917178369366
13.3361194974074
22.0963572077524
9.70755317695264
16.8694921489919
12.2886914683039
18.8859986215814
22.7179510199056
26.6955295069408
6.42916666642878
18.5912196089912
13.7759059216448
23.2861979998995
20.614325556917
17.1644305966114
21.3973005428004
19.332525911071
21.4553910422386
31.0566824518595
14.5743665709257
28.0833071771742
16.9904142287321
17.2595065074022
33.488993608839
21.0035569034728
23.4969315932538
20.6136379098374
22.8501784858869
15.0421874233648
20.0801490613623
22.2896714621374
21.6822735384522
29.7183030453079
14.5420231703079
19.6044767883195
14.4239882008152
25.4133100557413
22.16925994561
18.4214913698303
14.8590915295442
8.81049171785685
19.7723718959111
26.0303103329235
24.0531477345611
22.4724382077499
20.1450431386979
15.6176721719215
12.498020144077
22.5097109300452
25.018327343427
16.1402509081485
19.9659237998517
22.0660523870683
13.0879573293997
21.1602244414818
18.3979423857856
19.685087110298
