19.8815523236327
13.9947464349283
17.7534341290244
2.56113230775296
20.7121222785967
14.4748640593444
1.61497577865717
-8.35747876302807
24.1483838575116
6.46652089340621
16.2002719452152
12.5295885992339
14.3928425641437
19.4841586777662
11.1604132032829
25.6161125520524
14.4941901477126
20.2485858734841
10.2005024005166
18.3945961324871
11.5188184867966
20.5233715150954
19.1548545079562
12.9147259616191
12.3304358101736
9.8287132418129
10.054411587614
22.1568152498994
9.06405307884165
18.5370526795033
11.7444232599196
1.33352100724323
0.651766350865843
26.6254513402054
3.42053165316806
15.3896965296034
19.2808923983746
3.80017043164645
7.36363805768277
10.6085322368941
16.806481458955
21.8380207862474
12.4989473696496
14.7096943910032
14.3789658592158
1.89566625673799
9.08293648778667
17.3938614588299
16.3283666025398
7.537966418047
16.12926594011
19.299671339002
19.1125975776184
2.60268791980197
-3.01239060073218
8.73500320947523
4.23021046380306
13.7587082621505
14.3569046150679
-3.49287270016602
1.61355300468481
3.19190554006325
8.71620607911169
-0.809300528363421
20.3684118449538
10.9155342822882
17.372543110476
39.9724210405823
18.7447130463885
-1.81483620002141
20.034014350324
5.1482731655981
12.4871829283863
7.62432940240861
6.74348699287585
20.5665980208716
4.50925267875964
27.8839527659349
21.8927349260285
24.918953050153
14.8942335324771
6.81399629339378
17.177521186441
18.3400415934677
4.79062061690546
-0.964614430300454
9.1798443813571
11.1856127931404
19.3989359447149
-1.39009848375587
18.3912608837213
11.9418731361184
14.9398617228766
23.28823027924
5.04551333455119
12.7941683300178
12.5483557129639
6.63823133525537
12.9595933270523
15.2757549475153
