-3.76577371331777
7.64726365812051
14.3633559905587
4.73593036890093
17.2845980633031
6.70064761927045
16.3803250141247
5.49040575774611
8.76541867821186
5.88010024554332
9.30926034010546
11.5458560051975
8.13581252933384
19.1955160113274
-4.69766108292007
12.5606130932602
15.4465798344638
2.57499568427418
2.33081199947448
-3.16952919460583
-2.90773484576072
12.3433840189666
16.1271596802685
8.33144993147792
7.21082125239314
13.5982821476937
8.43152329108505
14.7320935581516
10.7410446621134
9.22698218418839
9.04617236205539
5.62694077866283
7.2437061116656
-0.976964448736139
18.1114771786689
5.2173054079392
2.05400782720291
7.8792255814479
6.71753746739035
10.3973436292406
0.413142142899613
1.76212641298496
19.2805993899934
6.59820245656829
10.8859170521749
2.78710096964264
1.62218260984842
1.39613591613979
5.52972004029546
3.80853110203776
7.32604334455806
-2.34752877294014
8.63793073229499
2.99974231196231
2.52661876312845
7.55651923005986
11.8093640949624
6.70001698823925
-0.914352749998015
15.322335355613
-4.07112348430269
10.1567312356395
19.8029237868445
8.98274571720097
4.96440639977806
7.22066965162607
7.11527590596273
6.57586695752335
14.1530326525267
6.83206613322472
11.7516341872172
4.55079470459886
7.18240340976811
-2.91508314685369
9.68972559720637
3.46583488022318
2.02927547889167
10.6395452447512
5.96689420315403
9.07975952265547
6.03489079594113
3.1863405357387
3.15894291236064
5.90369641710322
10.7459929577425
9.72186742869192
3.79723994895464
9.06456860540142
12.1445628034278
10.9057881428227
17.6825846493972
10.3068428521933
12.9453714325688
12.6779032845998
1.29329072810699
4.83925823454799
6.28784965623754
7.87747252264686
8.18292083707109
11.1962083083376
