3.45734580774986
8.72273861330445
4.36180479465274
2.74838378277589
17.296588399971
12.5868052074815
20.2786744754816
16.8126328187968
-2.94938019106172
15.1502258785816
2.65755859359721
24.587661344071
-5.10941248202712
-1.43422632612415
9.25935736313737
9.19491187959554
3.62691436040086
16.1197133691564
4.74217538743829
-10.6432902742379
10.9182149312713
3.42303812305247
1.61059048538421
-1.54820343953923
-3.0335739769572
2.9471717646551
9.37747123038748
9.56598872961506
1.93018653863361
2.70643021606482
8.10505824330108
12.2780969558049
-3.47589262323784
6.35582640340866
9.94601680451987
-1.96895871250853
5.36389926259736
-7.04550394741978
-2.44638221069469
10.1204258682422
16.0872511427421
12.9869462891357
15.5032778993833
6.48187448975868
6.31927080400496
7.39939200095334
9.96638439111121
2.58102096662998
-6.21299164188776
-1.43850278033699
-1.6993340872563
-6.07666135922084
-0.639826379323138
1.05946517175225
8.31874472188078
7.38723671152899
4.43302577609046
0.649693139152332
-8.36411143954249
-6.62669078144194
-5.81403126899421
-13.2589240735408
-6.34060285242148
-5.325212497932
6.93666052914578
9.9664736931873
12.9154632317716
2.0946598485854
3.25251492193608
14.3789744981026
4.4287624478571
6.18318082847611
3.34171788214394
5.80000634431907
2.00781914489203
2.69616266497405
7.69721088385948
7.72078350076946
9.4981304350893
11.2388601091436
9.56655687342142
2.27546336875506
10.7332315974179
-5.86106252972621
10.7740017982886
-3.39436673624184
2.40276342725067
-0.0139357900915389
6.45076545219456
6.97473118864723
-1.77363672448242
17.225165071323
22.8500985417145
8.46232144885276
16.7027770871731
-1.19452837908189
4.80753687841179
13.912397851213
0.466229096223864
19.7013304396116
