18.1638147203393
3.21109373725431
18.4137348442638
5.59967050156422
14.4494022881044
19.3757460823212
13.7327739378192
8.17907276673054
2.95233245617348
3.39608927001887
5.47661197551634
9.42927732598015
-5.3611354094676
7.32187088322175
23.1335403200925
20.2693496832817
9.48314940993276
-2.93650200337364
21.3962095190233
0.878293569138084
11.5706365115746
10.8927587557708
7.16009796196676
0.950335975313212
3.52320212642803
3.78375901897625
7.22978972124177
19.4133669637526
-3.42769501629589
6.6202642651622
10.3771281206665
12.1812527884562
-7.01021489830304
8.75021842474138
4.04015885112907
1.84935942952535
-2.89659231831528
26.3660744589678
-2.51916930903115
2.99546851147466
15.3777828605979
16.9352809096349
2.08680277083628
14.6259062873123
15.4744229673271
18.3913057335407
14.8699461122299
10.6377961370891
7.98772119882209
11.4322316262059
2.2005132076179
7.72135447564667
9.67963245513494
10.0174311768452
8.36877057453696
7.00173518950871
18.594141780979
17.9931493815047
-4.99068938636436
8.43509484185839
3.01560584989352
24.968931779225
5.56185060426854
5.06882892936452
4.08274949208474
1.12930993215944
8.32391386136034
21.7067306899802
4.81837830686483
4.11480142170751
6.59304187789381
7.12044382557977
12.9958081372524
17.0079914782048
17.6603518445069
16.5412426887335
7.34736115200931
3.58068480113512
8.08157117766906
12.5334242640576
-2.96647142382824
3.00949227495709
9.65893549454169
20.3843002205529
10.9293602173488
1.65680650538343
2.74113245435094
22.0004699476419
0.208866980858462
10.1294435426117
-0.697507190833432
19.5852436946195
-3.59980477635826
2.42842174959842
11.5684556487779
6.93317415136963
5.68003368918239
6.93254958136036
19.9870876415709
7.04164914876532
