-9.95389372881329
16.8254724767691
-1.3297458240566
2.79461122079925
-9.35694160877825
16.1283609040714
10.1077537580113
8.08263514934848
4.18770441687578
2.19427597348451
3.62192227240034
7.48810611768824
-3.01379646729102
11.4671568827988
15.6265937636839
30.4309540766137
12.7949483905459
6.66568865921945
-0.58304843929164
12.623411724998
18.7915238802355
13.9507613907173
10.943653578173
8.38168837510171
2.51988299227975
-8.10042039782928
13.323119237572
-3.12292946031142
-15.4837016943967
23.3500884062162
7.36960556247952
13.4559158831026
17.4295762815295
5.92245217125961
3.67739561955072
11.5527838789696
-14.929600311411
14.3334600923548
12.5430348063785
15.3800966602961
10.4418091015863
14.452791133906
2.24279737614752
-5.9075445421441
10.8801153096896
2.67215808469418
6.2682805220374
2.24399761866551
4.39410403165151
-3.6548935262181
0.24494501105406
5.61322048728444
6.83126487141439
8.55763836148292
-0.545547456141398
-4.12448215607382
21.3581570309709
6.83715119485055
-2.98478133645307
12.8766524645098
5.49691677144971
-7.98963778088651
18.2521298186899
-8.90217557464827
15.8908717136641
10.8413542910828
7.45541770953949
11.4042660810947
4.57568537981715
3.20875077108791
12.8462209154881
-0.527215604209873
-4.37292740009018
4.05977942322031
9.40078507523667
-1.31516385004257
4.95795095111188
8.7747072853951
8.24807934370794
11.5892133625558
0.231968799842681
0.0262011600291387
0.424332090139607
14.4256364276594
-0.248134610057971
16.0243560423915
19.1943353329681
-4.81534178897723
1.06465805226761
-8.31458340897333
6.4334101559955
8.4814338586143
17.8967222098023
15.7596066265871
2.25771061485118
-1.68742903396433
-10.3194156532525
10.1681760192258
12.9655513399122
18.9167368028686
