28.3814797437323
12.404917074803
19.4646515404075
27.1371631142357
32.5150641914577
3.46644195987928
25.0518379671126
17.7393657872533
11.8406118009144
29.7008099478529
16.480559627644
22.4288422488035
9.34547096648253
15.0443096384627
15.7024203576219
15.2281664601551
11.5065135893464
24.3941492866708
11.8062299266276
27.6617162650499
28.046751219828
17.1155431761174
8.72458985983456
18.1674254970223
35.5019746815807
21.437386668867
20.9483855294938
18.1852966800408
15.5457351048765
28.1933789075217
18.8425339438313
12.5811346225961
6.70750437387624
31.6289359908103
30.1214189919814
18.9274207496612
21.6894483869437
2.19181557729843
13.260793913684
-5.66918469092582
21.6363148304623
16.4463367503167
8.60420765261096
24.7585538440842
36.1158621251109
38.4665063489498
3.03109106820626
13.1971943143345
23.0368304158506
18.562712774851
1.20893229952345
12.2574884015085
33.122648532582
-10.4635946889468
3.7695778627588
9.04662624215607
32.4670452944338
5.906902581975
9.28630517289768
26.7276499131122
22.2419742721174
25.2057874727469
21.4877970603584
5.75974801470765
25.2087905149167
11.5106714662128
13.3111098591974
34.5751433474119
31.3806366755094
8.23724836545771
17.7548402137369
37.840458162767
22.324127754646
12.903855299189
12.7866014527109
24.3498945721429
19.9284084549912
4.33782865576745
20.7360602107509
23.8385900727973
16.5168373703189
11.1703790553122
16.6043704258178
32.1778385097831
18.5686734149986
19.2740104956682
6.49303575350627
7.39139909906189
16.8821746254091
32.1218939739267
18.9856727899372
21.246856213688
12.9861111838469
23.0734705238716
20.4036627803315
-6.95488575975247
2.42112088873145
21.4093408142501
10.8442358166802
19.270990852267
