5.65391520650521
8.66783758099728
6.38637317288165
10.814287441911
12.1692533898741
5.54360217680841
7.61731837224762
13.297269044536
9.50712780920328
9.26821864647166
10.4762491170052
9.08129041794627
14.8657996411762
9.16215327448861
4.14675251937634
8.37425303036431
6.87217199830148
8.57240967630027
2.61778359777563
10.5841925504564
4.88699661799911
7.61384466138962
10.5998443740083
6.4969372486515
6.96177800996823
8.47927680210957
2.80108858900276
9.7016860088923
11.9728835590996
5.72580743421559
11.6527534150242
11.7341347815662
6.41919223687553
8.30742699682914
7.94681935554389
8.83987386969784
13.1712427453588
8.02308355066199
7.14309304968393
10.9679461225334
9.49886300532636
9.68895864528465
6.11874701025924
7.77371357744852
6.67608079174987
10.1680038553376
5.35769148414291
15.2892304676689
10.8722406180952
6.07923569404997
5.99346492847497
3.37578965842348
6.69131733686677
8.23079488487043
8.5496321065934
6.16134438847475
6.82700926379505
4.63241203973801
5.85690187354762
9.41352335600504
11.2238265602398
10.5019667784816
1.82721955999046
6.22288248652156
6.2779565324901
7.02166170902816
8.83712707246564
6.95741988135402
7.29948183005492
4.34443551294672
5.51122464833899
8.70716512799266
5.20210724277108
8.68218863600247
9.47715719198442
7.94905125826224
6.90934431818902
12.1820090295509
7.21033821009087
9.72363485351246
9.42400811487065
3.62873387832704
11.0772339456603
3.68140527794165
4.43813317994558
10.5147901525738
2.59208865622766
12.9433716967628
4.70814333802409
11.5409141303885
7.89158615074664
5.62256021086118
9.20088776484886
10.9911241725612
9.92624892391986
10.4514699093403
11.572145084068
8.0115162461908
13.6187005169173
7.3302839245477
