10.4346087330435
17.492156517685
36.5395376634687
13.5797452897446
27.540284794868
6.536129912432
33.6282193492247
9.82291267769631
12.4516298915872
14.1643466523521
5.62921229219591
8.48990945037601
11.4171105987735
14.3523227725538
9.70411540728287
17.9616174912566
4.43210295467741
22.1588314199762
20.1840583386647
19.0013188217199
6.38229973663409
6.96444187819768
32.0955927584347
16.6484036569573
-0.00292298721293704
18.8607876914478
10.5126332471082
17.906585288382
2.26201620959685
18.4542588347148
26.2627818852852
17.481176195254
18.5016066772821
15.8814940141311
24.2803769769309
10.9750289691761
-3.4035980808804
18.0526183858071
12.1600903761728
23.8911109445614
25.2402484631702
15.0926150715468
21.8029732658707
26.2560671333138
26.6286261330472
17.430474284451
12.3765640565689
2.39224053810117
1.92902892107218
16.5554190479977
4.08911500119681
10.4136468486597
16.9392551634049
7.45481744695476
9.49070635092663
22.3212921857514
14.3613003384443
6.42468782261635
10.1486430206085
17.3361940010943
13.893702502283
19.9308308437292
18.1517586769555
22.6697407542892
21.4994724550236
16.5267006672997
13.1747215354984
9.42718873460436
9.1617274998031
21.9253712038672
24.1567391522244
15.7435718780902
14.7767756186145
11.4902710805736
16.6886023187494
13.021197449794
23.1663571620729
7.67502146426682
10.3782197496624
15.6134732095527
8.82278154981136
12.7801386030103
15.0361395672619
3.14171851822727
21.9863838160169
16.1692295868853
-5.45044156781
18.2398745199146
22.3398963048817
29.3187675630556
19.0455583156054
23.8116455380125
9.00083775340637
13.6335996495152
13.9685437083459
30.827098806646
19.9140592780092
4.72165296657386
22.7211738800167
7.05991906201274
