10.432323399505
2.64725116956229
6.1858477721274
-2.0509877738714
0.778954765812967
4.62871172217123
3.82878221330441
3.63948101514759
-4.21857407608405
-2.82594285412904
3.7507335461731
8.50397550325533
-0.153564522352
9.31335516755698
6.93573851104789
5.79987409209394
10.9218428394347
2.56575678261444
0.298103091106259
3.65006655831843
9.13288486692511
-1.1407195321448
2.23300706955845
0.581396077707637
3.51515717398257
-2.7766384242085
7.45887028970662
-1.48470032131341
-4.07973613545366
7.35667460875145
6.58147632742725
0.895769894708037
-4.607490984067
4.70163715693044
2.42625992666902
5.96350974050081
2.59082641589091
12.2452858728756
9.28566684230762
1.92979536818765
-2.55151802264999
5.81284395040101
-1.01212638961678
-0.311812964138566
4.3393618755798
1.10230508165409
-3.05303669758661
13.8981625882738
7.10224513918987
4.45290339762584
-1.68362529833316
1.07093190799638
2.36614027570105
-3.67988741653074
-1.67714735132294
9.59494909598687
3.02367785862194
0.412319698108209
5.29397177258774
5.47371305178855
6.68077729882617
8.70056371346332
-7.44247484808041
6.7184797322904
-8.53405210094242
7.13324612333669
3.43940868362416
2.28901816978789
1.76704367188303
5.14744594373192
11.8896732432633
-0.210330817785011
5.29768554494395
-6.73416677729968
0.617863004976422
-0.982483253026805
1.90819297603482
-4.84937480000523
-5.74985810744441
-3.62225954850029
-0.93270566457357
8.40485086071321
-5.26826765689573
-8.34293096491702
2.31264474380347
0.949215329147913
6.68449812143354
1.87568394144055
-3.46099438598059
-0.548707679547906
1.26662412143706
4.60232564934094
0.180987774251945
6.48040107770331
12.1543774931567
-5.33712208973703
0.160807477706381
-6.58746480570052
-2.69994919697237
13.1621086315309
