6.48461925787956
11.7459255223857
6.90549790247146
2.68862610364329
8.11705620849451
4.40083444969653
7.89333209180872
7.27510789610132
10.5045839037055
7.70673631295343
9.82728862374839
5.51594552946458
1.53402382500261
9.20179906194583
3.3993539904766
8.47054580209135
8.07589730316941
3.95470299059981
6.00112657886531
6.78205187914806
8.03602324732634
7.22075936900582
7.28765442463714
8.73288163707447
6.51137650432734
8.14564496074874
7.0678000016955
5.99398107723221
7.20502705486646
6.15836363587663
6.22963345257931
4.98112080971054
5.85456499573355
9.61818679515171
7.16308847504184
10.2271759217033
7.65724081175908
6.86666609736805
6.75700076923935
9.51702593101602
5.33708680589081
5.669610816029
8.18154759156216
6.96474717893478
7.23469166412355
5.89443530501986
5.33330389897563
10.1480243890222
3.79744392715698
6.21053969917245
4.66451617547872
7.6182395212534
9.55998404450991
8.7660477977846
8.00402672455347
8.55727326371913
4.23946100685106
5.9224814051813
1.62397188677818
8.20724654564324
5.58458853905131
6.99445414886296
5.22305646776315
3.84882311996413
9.42094160840667
10.1459229765051
3.66857007229079
8.17016009032787
9.48304173122382
6.5898806425182
5.05451679160849
9.07496800792316
5.61675491439426
8.11505983394843
3.77856838791094
6.87789522377954
5.12214485706551
9.69768516507353
7.40073378612461
8.01635821870053
4.30776693028345
9.39794400860825
8.49564934964357
5.25377196538491
8.66578296279384
7.95588864705366
8.51923179042085
4.10965235813064
4.90727109065086
7.3436295928888
8.01559718637706
7.17218017436686
7.70752373126006
7.54243438581194
8.92332848967002
5.04935277906992
9.97846045120479
6.94666800857292
5.60955207791829
8.14150772517461
