-4.01254378158312
10.0091460183905
-6.53444919276664
1.26719244470653
3.57847833340763
5.43467069928838
1.23175084966352
-2.02668766471775
3.7058193150834
2.86196039970156
22.4760010556415
17.7686649792984
-8.01024628390527
1.26518514172341
12.3378156712266
1.1584584613449
10.7661175874055
5.08489061345139
-10.4340072899062
3.42296860934637
1.7545332083685
6.29639745296647
-10.8511034265609
-8.49070432438545
6.70613810957898
-4.66023683810904
-6.40484197727488
-5.64520317280051
15.6924804261693
-1.98467140908048
-10.9350032978221
2.17386722333063
-12.1570624510158
3.41143811467956
10.2621601792463
16.7486220804424
-6.16466910918725
18.5060453007546
-2.61716299471106
8.38088114333143
-3.90200647794458
3.34443257589205
0.851313054362177
-13.0929154077452
3.6293903141979
-3.7894272338637
13.6704595680818
14.9426334895201
-10.2469368931297
-3.29611280913542
-14.8096620491872
5.85242844334156
-7.16412374885762
7.53502641250865
-4.53374388275415
-2.0562845786303
3.56717877142334
-10.9507761513775
-8.22617478137623
-9.66953934530666
-15.8015316273397
-6.41684480872419
14.3793779093788
-6.51404679231377
-2.08540315703438
10.8279501764325
-6.84571951413937
9.00881601354777
4.89892705572557
2.64977989872261
-15.7318209539816
3.69367660567056
12.971866314842
7.43122886784481
-11.0242679161048
-1.17678453585873
13.5010345334096
-5.64671775685078
2.58274551583467
3.04920996219674
-0.492993143241569
4.80304514153126
-1.71773250657568
3.15082415249043
-13.2455340570245
-4.36695237444254
12.9940714538308
2.48781826237249
-11.4251684147628
-14.0441234960086
0.951751784668648
4.89063790917428
-3.0993407332303
-7.90854597803107
9.92456377874592
-6.16947621041392
-9.1973223193748
-6.90538350814899
-6.5424897846604
-10.9580189287067
