15.6958436236009
17.1751973413571
14.07892197365
11.1351123776961
12.0416782719457
23.5240709708197
17.5964952625146
10.4328418577161
12.8073563910474
13.3820564934453
2.12949893580602
15.0024989992836
8.22799918272484
10.2261296441293
9.37951366819798
16.6916698620434
7.67868370678259
12.5434018960903
22.6269590743635
14.8684440654282
10.7198688454994
13.7990758653249
9.55046413627815
21.0834462892034
7.73304013549643
1.91802529486755
9.33332053193453
16.6517230406399
15.6936833329191
11.364368487797
10.438312660746
4.27873943840701
16.5131199307225
9.61927822769244
10.186011307082
12.2797248480173
11.7491906885593
8.68241230205878
12.8074636883267
27.0495102772721
11.1561586960649
23.5149575667369
10.9929694232678
10.5510318578975
20.1650245028264
13.0943419481058
5.82156055479129
10.2794769031689
15.6889394582171
14.4953129187754
14.2764313708058
16.4865973081953
13.1834915161617
7.10691100787852
17.211236363682
13.2470305117766
7.35120623590139
18.3448553338977
11.1462845426176
19.9072913965345
13.5762581126974
13.1377323978842
3.59147144224189
17.7352439244102
10.5956130039153
13.1995797592116
18.8958277682259
11.5151900273844
18.0555746317468
6.77829598948585
12.3189492374553
6.94224984626047
12.4815244771901
3.59995176428857
12.1825989160642
17.3817374136149
20.6004822846223
10.7919535208721
7.15475009643415
15.6455689763925
5.29653892074814
9.60225090468118
9.08772076591107
21.2346595765359
11.2434981105661
11.8686165898093
9.71990774276725
17.8366803945428
11.3857341145415
5.76257726948619
16.8944232194929
11.4532273724522
13.2053989571708
6.78735545196086
13.8055616262218
24.084666720039
0.465685935806411
16.4766609748028
20.4031695886934
23.1505263509727
