7.77310237034395
-2.71074487132216
6.04096655751335
8.02124770654625
6.90156152175055
5.80067929781223
8.72538187439605
7.30652333381916
4.96695071438405
6.81629044235248
8.8309983756154
7.81214221258129
6.48502386726766
4.59545943419171
5.64299983738583
8.87836814103188
2.1174298694848
6.85157600603713
10.7975475001331
6.81021332089194
9.15381594723344
6.64748963286206
8.06507174216838
6.0278727987151
6.37326250400452
5.38752314547335
5.24757102589169
4.07096869899955
10.7344867003938
-1.69520003770516
9.06156330520766
6.77672125122258
6.6712270073973
4.45598075445518
7.98387414319127
8.25150267441857
9.26131025614283
8.75061823970437
7.05058895287736
3.94249006552298
5.02732345188953
3.14899007533231
4.33037644611648
1.88406378386163
4.97193451085567
5.25399002246059
8.68107947557217
0.179381687875064
5.59617826811683
2.73575333658511
10.222478702662
3.163452285036
7.30165484350737
3.45058168024293
11.2475171353094
4.42951195364852
0.982784723039373
-2.01829208838972
0.395037422713289
5.73654027896563
5.15305411940063
5.67103240714503
7.20574519863355
7.66075482864231
2.90236777064576
4.77909455257349
9.43234374333404
4.85847773411829
6.57934052137864
2.59035368626061
8.86219590608816
9.79698763330889
2.36629232796821
4.54064368144213
7.2432161949493
5.65421501490446
5.26656113088045
6.78656858758709
9.81806600119319
5.8505222162091
3.49288940554521
5.48718143017484
14.0518086783666
4.38023614366122
4.99282035783622
5.39458476363077
3.61764859065857
-0.670003765233174
5.36658186931583
8.4901694164206
10.4800958283524
0.0755699585699166
7.79368845298692
3.72931288687142
6.71749277881871
6.00664725192495
7.56421253300209
6.75225949994859
4.60179215052532
1.69030354220023
