6.47794632551112
17.6078203699174
14.7049693818152
15.1744437270939
18.2439351845432
12.8303649661375
4.86783917323246
5.95199991935915
12.8242481787375
14.3531435286099
-4.43906810377561
-5.1102276319339
12.0486114407612
17.245349467585
20.3076385884672
5.01681491968621
19.2586755789406
23.6583230400937
13.1892967915569
14.497399271694
12.9057333669679
25.4482987467255
11.365483682269
14.2086721781097
22.5816076867281
11.718785713657
13.9253472060043
6.85942790947783
5.67867816853105
17.5914338298103
8.00536380894025
3.66596511096662
7.07393934005528
9.88787590703823
14.9353042146298
11.870479544744
16.2793841094747
14.9823827368179
7.4613252445781
18.0363469410856
0.739970644253884
3.64973102870316
8.28439581760803
8.6141810411331
7.95497104575433
18.0704238664171
4.36112867257737
0.295518260106386
18.6761000282646
23.9383898288404
3.51515042294861
17.2812683046346
6.31814789671136
15.8197592958899
2.84360356749472
20.3713519411949
6.63975060607178
5.32620285312434
10.7664238431261
4.84702540730767
14.5201515278788
10.2073176779387
10.7303989795237
6.96305308696954
8.11666540938074
16.7594983644756
9.34053070712325
2.98587708491094
1.87371685683695
8.7669880451639
18.6503462782255
4.2778877144021
8.38325726445404
2.91007840707161
21.2262440133267
22.468234892895
19.9846917269772
11.1892183679824
9.66754111939193
7.58794788874491
12.4113980770766
17.5135491652477
16.1869402293203
12.9068458102627
16.9431025664122
10.1707656809357
19.3140310664944
19.2996331585903
11.9348061174745
16.665954788019
0.851191885679718
2.01177500368187
6.29175989045298
11.1592296432803
7.68686957880695
22.0525503293967
6.45219201507631
7.47461849379091
4.84470439469876
21.2220888884198
