18.7364148360272
18.2917907497092
17.759826986017
17.9294108393159
29.6243621914349
30.6051841856335
12.0650552618757
23.6947401753379
7.70704968425648
7.10132486432223
16.9619128133475
36.1459422603176
25.0075001553583
15.5071353521612
20.7092374948487
15.5956056237653
4.56096177409412
17.9873802707662
22.0167884416316
12.2572372013451
23.534000029239
-1.69208273383817
31.6203837777815
17.1924476710574
12.7472193212904
26.2790160734177
32.0281762402364
26.8458655625362
26.7413469706711
9.8428145400755
9.00148886511315
45.7529308889431
30.855600996615
26.8399683690284
35.7078365612569
36.6175901982431
27.6386988451311
19.5968884224272
32.0052498902837
35.5709224088759
21.7590263783044
8.89085481159467
17.7955399935772
34.7764154369658
28.8838205051865
1.4371697450069
20.9067602948543
40.177868821114
24.4444419663297
17.3940405069409
26.375881003442
-0.301824011191925
14.7807359480023
35.6167912165562
25.2193098847981
8.27438053422846
18.9322123371312
31.4159719716222
25.4940047211937
18.7410990192168
20.1060794346854
15.473368184096
30.2108684903083
14.9870260034709
15.3721989237654
33.2610463040155
17.9481499829703
29.5831263621381
21.2313591506503
15.9524100683699
12.4294936234346
27.4382172161596
26.4191082661556
3.66073569315277
27.3602304743697
3.06462405071629
29.1784184808531
36.1963934171023
36.1366429156999
28.5730903910391
6.02616218658699
0.498038487742985
47.1281923119195
16.9940099700865
47.9573850371967
13.8876828865394
20.1754120752691
13.5855452930886
16.9110631294642
28.2585872617006
19.511538101783
15.4546299165745
10.8820549244179
23.6079891969211
21.7577536941762
15.4644143586209
7.1527966527874
3.11614448967384
14.0653369521517
9.96598739843717
