-9.85367190120192
0.57991531115045
-4.10446740244241
-1.33729822904432
7.27639906334648
-10.800680383134
-2.82615342070522
-1.99937945404147
6.95436018487554
-5.30130529837781
11.8011216753822
-0.0468015676282596
-6.7793999734981
-3.48685548786369
-5.86413221010327
-10.7578172414107
-6.63630802169173
6.34533115494197
-5.62599580885195
15.5573693819796
3.06186422056507
-4.65378792049737
1.03523064694542
-5.23118323274773
8.79493115993904
7.64994222624087
4.60920762435756
3.53077540513328
-4.04082463571187
-1.05924134720325
-3.33726898619981
-12.3424360663497
-8.17028002083367
-3.06222325835237
-3.36803682460264
6.41564601473337
-1.94211325075904
0.343946824153242
3.09258349154995
-0.797911288944588
6.85864335963265
-0.230585792624448
4.93208765547531
-11.4560988351693
-1.69491452632218
-3.00476187139275
-3.76643672532439
-1.14062104324494
11.9290900058944
1.21380502186481
-2.47053784402325
3.39689983766215
-1.99533423508521
2.58088040791988
3.71297262988432
-1.43124039066052
3.20936471986809
-9.9156111742749
12.2182872812676
5.46644422231927
-5.09788860296605
-7.16109554193048
3.67450082791867
9.84500128558314
-2.49740376467573
5.82107811722615
8.38858192082878
-7.25479135125987
-2.02989357889532
9.53433644238268
2.9872993402352
-6.57992754446107
4.91447890872238
2.9059493034731
9.82896344513874
-2.20146083427974
3.97601354940743
4.9645434599152
4.31561002504691
0.312202497004391
-12.1878217884898
5.45460277832688
-4.99822338390319
-1.762181776655
-4.74446783517494
1.8432177980763
-5.53735909964024
1.32757108642553
-5.54963282309113
-8.52482862571732
-6.90080005165292
-3.80944934246862
-0.471945472630611
-2.92894359492101
-2.71973829702267
4.0837508495929
1.97289791315484
-1.71549672972095
-0.147704088665423
-9.25182125264098
