-5.81044457409817
1.33742457432425
-2.58635761765013
2.25103414320594
1.50779107857595
-1.17034496212907
0.716462585432985
5.73538482140216
-1.38443893326332
0.786202952690361
-0.397163068875744
1.59525299587924
1.6852618749696
1.48968859740463
-0.801744891301914
-1.76328943617985
-0.278419863825839
1.04369461779683
2.88834769712299
-0.965563346932168
2.35377857283432
-3.66908945297045
-2.11318566959987
0.433293232243781
3.30627333840046
3.3562406009787
-1.26202954514656
3.81453288657283
-4.15436954489441
1.34194360731268
-0.799872644423241
-0.312157415120296
-0.442494562553329
0.722690434163587
-2.4891105779447
-1.2007494073292
-1.93932994626505
-0.639502055593469
-0.756492001100085
1.35906761652525
2.23514498259113
-0.499551650650264
3.43690903603695
-2.01082423731242
1.92467318361256
-0.882752725446453
-1.67341985510064
-0.979481488418167
1.21874062364187
0.828041736244972
0.666570566805113
1.43551080103222
-0.140457757134786
3.94210902966146
0.412612988401182
-2.85653163136235
-3.64559183541944
-0.248547275138913
-2.71048239920788
0.0326190166990972
4.01607140885132
0.180362716125859
2.3420722270299
1.06271662573695
0.608794861327143
0.267993584383491
-1.29149663436563
2.74449790545618
1.84901274316271
-0.564370723849577
1.08045465943772
-0.217391251039166
-0.649883214038444
1.13312992752297
2.91798475426886
2.63645456443947
-1.04148950210968
0.208614611135119
3.25952273698063
-3.16602640892018
1.21076072280423
0.508196558221895
-2.20578241932345
-0.779238475195232
0.137361688818462
0.242535812567606
1.91155567118878
-2.69846589966547
-1.7237491045714
-1.40043610629726
1.2282963492044
-1.41028790640365
1.018342169799
3.34492453247227
0.393571408587435
2.42635903415176
-0.437712813516638
0.796559722030867
-2.11718963139492
1.82081524721782
