16.6826668900142
4.27315841577182
12.1019179098021
4.44609558229975
23.2712239280247
3.48460577953244
39.2578551636573
18.0485033294225
25.8903775415191
0.940771734116076
21.7657740860957
33.3176045762926
-0.602606329183589
31.2178687225463
13.2935449022544
5.80656468384536
2.28579365805639
11.3165027594183
18.5875947810123
-9.32525669755458
6.25942112941102
28.2509400567467
8.54346537092006
5.49279655406891
13.3880022514698
-8.71949971293818
4.63709875325326
24.3177471318503
8.31667906456319
27.8382048305166
39.900191320508
35.7871406418513
15.4480660242606
16.8964338350149
0.236408292815831
12.5635432652896
-7.41721118625192
13.7655752244278
23.1388623718011
11.6918562954532
18.4018600312783
32.8632318476707
2.75947401996386
2.37267576364754
22.6726185814553
12.5881465725304
30.3215734086084
23.5249957103978
-0.822480059960373
20.0365238275197
20.877428229449
21.3291041247411
17.4792397757834
18.5497038140967
12.5419543304964
-5.05378233964678
10.9816776555787
-14.4472386555785
17.5537503211621
-10.4530330189432
32.0081728404074
32.7873486431109
19.9213295760134
16.4156189773504
29.2864410859989
12.6331428208897
20.3338738416781
12.3392134415728
23.2912828742728
20.9295492748328
12.1299413815224
8.58952076822728
22.9948976238079
34.5502637444733
46.7946791388644
15.8956868281068
18.1071331440908
-3.94548031112362
-1.32014776239905
-6.09650360595827
22.7543842384656
20.9413374926717
7.68340358723025
25.0671195224543
33.5243093584142
18.3663328060414
14.319897136374
6.00879310384997
12.6457201568888
11.3714956560915
-5.91013280807924
37.349063750454
1.61538210159303
10.6175971870193
13.0144545045878
14.4372206643925
22.4256093452283
16.8209534544796
21.0028519447639
14.3469699679346
