15.8412360688967
17.7744657240588
2.81405903973801
17.9908988395311
21.0124368125877
7.24851661138065
20.1348035903874
19.7803472285118
12.1309757679278
9.67376942518936
15.1422294077927
6.21621174933423
8.73146955864384
22.2774584750118
17.2513601529177
6.5159808878257
12.4489789454494
6.26742569883537
-17.3134900853849
20.7315789079081
18.7263750526098
7.17659533172761
11.3327227631311
5.81262568639087
29.4334915325528
22.3266559715624
8.1689728117258
7.10623492525708
18.9623632155289
6.31276813278141
13.1229993648292
16.2071199666133
6.5141211849555
19.3070174521152
27.0670764201578
14.0330162383068
21.9849653056206
29.8770973171166
16.8322974563268
1.5205495405586
4.13811880159484
3.9836448324566
14.4392846772781
18.0030246351518
0.358007204310045
13.0786933429312
4.45767675765323
20.1975142067259
14.8371989460014
9.68291173325754
16.8665938958886
18.391774915993
10.505048990982
15.1442843638815
15.3200365482204
7.20851703015306
26.7604466769746
8.9077541890977
7.69871736021058
18.7171368368243
14.7812829108491
5.5794498365922
8.42899274156462
12.327138306576
11.8034614452871
15.7905298004208
15.1371608581815
-0.617736064219546
8.51914708338054
13.5210959260514
15.6828497647027
-0.375223188539685
30.9545065045971
4.59249099140017
8.62630544128425
27.0589253961567
2.92186683019637
13.6381280665435
-1.43461852755538
1.79475633712934
21.3932424107524
18.7957542504732
0.42232387049577
21.3410158637429
15.1785163061434
19.2495705159727
4.79810199114402
4.33392720351586
21.3793195198094
22.4288537083826
7.47292359029024
5.73165562762313
6.80075580500318
6.73028961747282
9.23485634486486
25.1380187732966
3.89399814758961
4.35132978674951
25.8358043828717
0.0492682232746802
