18.2897811640156
18.9017849238696
11.8397812946982
20.6885137024248
15.1171207219298
20.5784366262862
14.5355949483378
18.5107138395262
13.349658897748
12.215805895831
8.25780981579401
18.8249643647875
10.4513102737532
17.3056884773051
19.0354193097859
19.012268134635
8.15453741975126
9.16407432127994
19.625241139028
6.78312968114989
15.0920846536665
11.4748262797263
10.9614530554779
11.2421630205376
10.0889656124674
14.9849630203937
7.97132389099105
20.4996668358413
21.1629153802422
15.8972010044099
10.3226140512804
15.2992884917536
18.4226498616892
19.8586119897354
8.75586219587143
12.7690454721284
16.3933895989634
16.9987428642789
14.9695844875694
9.92094306121897
12.1320238730025
13.7642386941961
14.6821339565049
18.9646552854367
17.5071900608935
19.6503391293867
19.6669782506934
15.1933295175621
17.5342705822264
15.1995173467776
16.0735159301507
14.4651069889724
10.7924791668958
15.8419152545519
20.0442558160501
9.24148592368644
11.9002608195032
11.1620999887537
18.9831656720371
12.2168402529548
25.6879853031774
18.6001582687052
13.6448809582468
13.4655788075128
16.9053244377126
16.8464154827532
15.5293340817666
14.8477371050581
12.4363279441314
15.8342306927794
17.556434355451
11.9744301824551
14.4045702010192
8.95412378990559
18.0021462154773
14.9327452688403
16.6193696299244
15.0665638609884
13.0806413278675
12.0775503808538
9.8278767941295
19.4463948453443
15.8810356607346
10.2521425102768
19.6289205158249
14.515630549115
13.1654721020154
17.1600186586413
8.36240618854621
14.2940761742177
13.7020796614564
16.2924501361524
15.5557051279067
9.00916481691113
8.41360964959675
18.4847075302038
12.6981221763629
15.3257120440085
17.0061005606987
16.3036802908617
