17.5074144823556
17.9532794135292
15.4069201991554
16.6018484335367
14.7623255131745
14.3402610842982
13.5268784408141
16.7220566650543
15.9316896092167
14.8311420997528
16.8605863494457
18.3247583035542
17.8317628850506
18.5670166759734
15.7453091874114
14.3714257598796
17.6308905675568
18.4313264378228
12.5281797295162
16.2245988398514
15.7758807980617
19.972551352914
13.9293045430423
12.7328846064305
17.7265699559471
14.6795042454915
15.9651334320379
12.3996427889942
14.1187338390605
19.7416233699981
15.194757493587
12.5332167552439
15.1880213529461
19.2126653892157
14.6188112354587
16.064292169946
18.4809521307991
14.8269248162004
11.7008884437594
19.3168319028998
15.2450506346844
14.3146628472021
18.9811440289814
16.8576529352157
15.3568487515147
15.8840120285679
16.3852588389837
14.3989548317578
13.4184288469246
15.1947211011551
17.7279659257418
15.8204324869565
17.3329643796162
14.8145751907257
15.2651121862929
15.171219245037
15.6705035039267
16.0884832651611
16.0871000915978
17.8145338355586
13.9706363738671
16.4802693721519
14.4364940623459
16.5273202354702
15.2398799241757
16.7356091539901
16.0295941742154
18.9037199498738
16.5411537041609
17.5091372848755
16.9490442562374
17.3074282906205
16.1702308147619
17.565380543341
16.4075999463972
15.1287486341227
14.7852681233099
17.1878358660977
17.8082691043573
15.9095189016428
16.0939660317359
17.7423463531049
13.565835383533
14.2972586469751
14.5172042934501
17.5142589064324
16.4431384969159
16.6983132113342
15.4433280998753
16.9326655105049
15.8717971772185
13.8863871462798
17.0501426664333
19.0181991082157
19.7903509997993
16.6979488362253
11.8286322625388
16.5349390494135
17.6303696933985
17.4119779612064
