13.5475590320192
15.166373716056
12.8322341231829
14.6428622175967
14.930420157794
15.584576256029
14.8132759679354
15.6394342456285
14.4879435479906
16.0290158615166
14.232489718031
14.0693429371942
13.4941787034191
15.691867609261
13.57858687007
13.9000281629782
14.2702993569883
14.7521814175796
15.8975377828301
14.318036273609
15.9027373017464
16.2343461812264
13.8569716194948
13.2952431891711
15.7063579870063
13.1805066500127
17.4637551040999
14.8919225531684
15.7639176268021
15.3417445606052
13.1623637480129
15.4065061156968
12.9390416358162
16.8908524302059
13.9215102493502
14.9639528333113
16.3173655866816
13.9334292327432
13.9022855514317
13.949849264575
15.6437295743045
15.3769173606429
14.4961589942822
13.2403471460836
15.3854657845598
15.1865281816404
13.7941174754724
15.6351028370129
15.0216774942892
14.686615167325
16.4273783480922
15.0279615198012
13.1885132682564
15.7136489874728
15.3079042598106
14.9522991548274
14.3751207022013
15.0564863533617
15.0446409023033
14.4510552690642
15.6455734188217
14.9876842429397
15.3846720657862
12.867520533054
14.920855266838
16.7635943611494
14.8660520306194
13.1496567536069
15.1066164413109
15.2747084447793
13.820993719192
15.3186006556077
15.3505943477545
16.3472333352913
14.4228927596135
16.4646975599824
13.9357034648406
15.2716019829129
16.7799926418206
15.7644319720628
14.4313467950445
13.547426680815
14.3208880986525
14.3542947993855
16.4585186854193
14.7835672574511
16.5843461582321
15.7407615909677
16.8825454833359
15.2295069326801
14.6365524017056
15.9900205636362
14.7775009342752
14.1188723074378
14.1641569063548
14.0982383125104
16.279304054754
15.1633311016643
15.2542753182037
15.5115591823968
