29.5394287553935
24.5600691708084
6.78336194391981
43.4063266543806
13.2504020056674
9.09714407927165
28.582275601781
16.8825606456327
9.66035034716762
12.852328898701
45.416217438306
39.6660507289128
18.8667007005965
12.8006375659744
25.5266267780213
14.1078519994646
21.0831088793476
26.4465362267095
21.6604621952165
18.3717604868426
5.97400446804764
20.2625915553413
16.1015114965245
23.9638661043214
31.2020254809801
19.4723934843145
20.1323016889474
13.8457633093081
7.40538322483404
16.2368558792347
18.7803828496213
22.5537982522872
10.2186392308387
18.5616765454186
20.1803523059569
3.60963358824684
27.2880094141429
15.7254663954506
19.832498260621
22.1467224589475
16.2383736403494
28.6967333500168
19.8118033219365
24.379912906947
24.6369798910581
19.4430730129187
28.0467517251503
23.8807248135801
11.8530355051226
20.5865910221891
22.2330995871246
21.6391188148404
17.0195941947325
22.9839156225551
27.3963739604577
21.855157250771
9.13226039575022
19.2696322564036
16.4703985160438
29.6551357701035
29.1629002560798
27.0200679842337
32.1085383831392
12.0618630143179
16.9893371095261
9.50860275687053
17.1125131451386
10.9488320524102
25.3695055543353
15.4947799600657
15.5521578980798
33.143389579117
7.83356238046358
15.2241841837718
19.2623106220023
15.8900163809307
27.2712272539417
22.2769344007578
21.4555999962208
25.0574775550772
18.731784736995
24.3587833173896
20.5779890856988
23.8319429220752
17.0015396026685
21.1513224822769
21.61750734297
10.2212974835796
24.7530105446459
25.1723612722063
20.8574434512057
32.7758287966822
-7.29646994334961
25.5332408381518
15.8666057680102
31.9176734505206
22.317430155311
20.9465768328439
21.586641261605
30.6541653132736
