1.80972899763517
-5.30051364123282
7.73512450767795
-6.13809812607739
20.2897192850663
4.36423316409184
-1.72555820284291
7.25844015516525
6.12187901002973
0.964637868810053
-0.275909581927
-6.52130524942035
-0.897259518014874
6.44648570793934
0.402697768413646
-9.4912855212397
10.1601686994167
17.3970147047405
2.53463395687413
1.45413637563682
9.04542088784476
-11.5582129254392
-10.2447149859362
8.69053695230967
0.877289188927464
6.95986287187583
6.07353344381973
5.12773643856105
-4.38464723417398
-6.22817613661785
14.5215453141804
-0.463424986771428
-16.9350136294327
5.27250995016758
-2.31036367820761
11.3266615886178
2.99897595987772
9.81346434089226
-11.688249434992
-3.8062832680355
-3.15196643509235
-11.4178165956835
5.39300859162575
-4.33364194263985
7.51254067993302
6.86738962513446
1.10966674941264
-5.61956782452307
1.45510256886815
-2.58627028140795
-9.26553057817212
-12.314636993477
15.6909425311846
-13.4231882093675
-1.58939866536684
15.104194392917
10.5181501881265
4.74647359501817
-0.100719854764198
-5.45614333721051
-2.6115160071593
-13.1316007507791
-2.70194705553838
1.06299832623175
5.35427706881352
5.66773721951425
-8.47840270062298
7.87886985449652
-5.96764882012361
-0.667963560028881
-0.672896730440781
-0.573182748960618
-0.400179239639369
-11.4473400142865
-7.93841145556108
9.93942058052116
3.25385959537862
-13.8667124020712
2.01372387093446
-3.02369317643854
1.43106996867813
-4.10210893801471
-1.1901572258245
-5.86941459781262
1.00348527452056
3.34583801303837
-11.6986219338518
-3.75998736786545
-6.85050657856111
10.0034253448907
-16.1956227241324
2.98779869550896
4.65711387997304
3.14789793109457
9.97899502922925
-0.964596421437162
-1.99874931561115
2.03964728262762
-5.92331480770482
-4.51261412197862
