6.89340891193383
17.308271775136
19.9649481655272
22.245177982141
19.2542772168145
28.5278749493183
12.5705101533463
9.80781946616191
26.2376762137775
12.6798821310381
29.9647076218109
5.61619592483034
26.3608792045304
14.0005657056848
24.4985145075746
22.3863432957389
7.78742851335375
22.1382232756561
21.5498222024126
10.1413094520693
13.5115104131496
21.0412905836953
23.6172608250719
22.2080413169685
5.69387071342995
18.3703675244533
32.0302588430659
11.7128498136333
23.0331206544257
11.2017235061446
22.354133008622
12.7109580738049
21.2412326221651
18.6452528135217
21.276391530452
16.8143431416533
17.9890919092129
1.05774424674701
13.3080157811833
14.9883105390104
2.68114408870568
34.8799517353902
12.1155175575419
4.3900856314289
10.0693574032652
14.2453782731397
14.6683566558219
32.7789985606304
8.14564467199206
24.048921504537
24.7649505785148
17.2800891950452
18.9354308812857
33.6371946980974
28.3607502558261
17.1241197982916
9.65502396098077
24.9357069484334
19.2914242147467
10.2060815237579
20.1220919313509
18.0391274612542
-5.47088483881177
27.0008718185545
18.527475337959
16.4600977760196
22.8228060374919
17.2047954951965
11.3566186668459
25.0034090157935
24.094541215289
32.539534512728
12.6910125931588
19.0125815239005
23.1157470219045
19.0229802628784
27.7026763920936
13.8769125589006
5.33629253349487
18.708409158052
8.90742000284038
30.4672665763518
20.0213675579365
12.4612248654534
15.1131458498537
40.3670541599392
3.31009840572326
26.3563070497511
12.6422028072304
11.3552876630294
8.02061470632102
10.7190806420072
21.2344849208918
20.1567319364654
11.0782468195994
19.0974893161172
14.7112363585466
31.8763107452491
19.6249315207778
-0.755497453157016
