28.528191375269
17.2690440160553
23.3020390473713
18.57929409966
23.3781932228347
19.7339487680228
20.7132473657689
15.9356265466485
12.2924303372136
19.2568391136416
22.1396213079988
22.3193240312747
21.0185061961448
22.2043785667534
16.6675530989944
21.5742743712636
20.9127550387454
17.6391054085462
17.2766706118295
20.2866135824674
18.9036418771444
15.7522756725183
18.7904922024458
22.0988048444517
19.9939590164076
23.9114926434752
19.9031877980139
22.5264562052567
17.3380848583201
20.0811723868859
19.9883921029015
22.3128060266975
17.17388269609
18.6979177694135
17.7939086095086
20.5901602858941
26.3600674871938
19.7391651990387
16.5110802323934
16.3570740064851
20.4341313761824
14.3424048208804
15.7649691615939
25.5785435285209
26.906995317183
20.6683543827271
19.4028053474611
17.9704773021137
22.768674540232
20.2791724733968
18.803972785036
12.7556375083869
20.1341153804858
16.2971749360334
19.514288365601
20.6928336458936
17.8213736181999
18.0616541239033
19.0547951726098
20.9789056053031
17.6983168659394
18.9530964644886
24.3244266555219
25.0860844522167
18.7588663222229
25.1809902699507
21.3390292408513
23.9297921876443
22.3202064384595
18.5133579466136
24.1998240308806
24.6908526924518
13.8180873407856
20.205541357285
23.7879935769301
17.2856622385881
19.2409619213762
19.8395806740043
21.4675715115878
16.6255290159403
21.8498908780463
23.2379412314586
20.1546696463987
19.1112507229429
15.0503056313033
18.3963259033819
21.0343485679338
21.5024725455102
17.8751916483474
21.1539922738367
23.9585970499944
24.5627119590898
21.300444021655
20.6429044280115
19.446816128596
17.2928287641306
23.7175320431692
23.5687077912316
17.6792953106181
16.4571810619229
