7.6479992677042
15.8193313850264
20.9642911352989
13.1145623051379
10.3285124189116
4.36896306981174
15.1565052653652
10.2813567167568
18.2618310546968
12.293460827549
19.7148789904021
15.6975618561648
17.2289147348075
8.53659051071621
11.1375783729606
23.7615963586734
1.06959079513467
15.8719615786102
10.1633641568968
16.8791923842852
23.0756030331402
15.1599170365901
5.70318147181803
5.1412201142161
6.89751395680938
13.7547135616575
13.6215288512345
21.2986252016584
18.7834470515926
22.5962983607512
6.71390597967138
15.3555531386872
11.1198954105936
14.9540952052308
13.5504061364457
17.8476920413178
8.19351759035243
12.836103442508
11.6337202805962
5.9168036350176
17.9074662723838
11.7015846074524
13.2161240619416
14.8269305847635
11.7260148246203
14.5370856395103
10.0476800534746
15.7571525896325
16.6922959367803
2.57468912088105
13.362679918579
20.294469327346
17.4229412375332
14.1464402450517
8.62511540732564
11.8833586595875
10.1789313110682
10.9595466584258
16.3696398148837
9.60670405750704
19.2437256592542
9.1450482203054
11.3358174230163
4.49762874496723
18.9072336363802
3.44879426660553
20.3940404484634
6.21444039881039
20.7886244915073
21.5237320173662
5.77762110647984
10.7702066469848
4.57585306607194
14.6177068171078
19.2742059486843
9.066646616946
14.4979185239918
15.2134934398317
6.87238166540136
14.8651761577564
9.62544893292152
13.6364524593881
9.2858455014588
5.80347468833486
7.59336355739913
12.1177159208444
2.32792289811638
8.90868360220806
7.17680610433785
12.1077195897649
15.7167060967449
16.6505341579241
15.0811720800543
6.22853482841054
12.5999388026668
1.45026078944689
10.2660940620099
8.64753430898399
15.7814300100426
10.3648657107936
