5.47717967495992
6.43164550580762
16.9733256836515
6.39768837099315
11.799532107654
9.15218061020397
3.54324288345826
7.01780114800491
7.82592569926156
3.12474690762922
6.44309137060515
20.8150733529619
2.25740486437596
9.03561721104167
9.6276907568472
14.7118297747256
4.68352586556903
16.8323366890891
2.61502084699473
6.89039784103522
10.4894725958569
1.31836061397373
5.31781715847703
11.9264808174188
10.2951656676406
6.87403883160853
9.60604220557568
14.13212345271
11.8123741039011
1.47529164147825
8.65256910321393
4.26007985381055
8.10614182965024
12.6318931293096
13.4380457620506
10.2474227067901
5.03334782258774
15.6467251766872
4.86189925239527
12.7534561957623
2.92938231595335
9.24964064843828
13.6790557963403
11.3524441969804
9.79198212967243
-2.57401247742012
8.00182071589682
5.22681107342611
8.18910540695109
4.06665863910205
-2.15583020603667
5.07360028291108
9.38906164239445
7.22302775146409
3.76290076421634
5.42219389550592
5.15850684772855
3.38502485645705
0.915679365458498
17.1104807041325
9.69069955773515
15.2940074796118
18.1761584369196
5.30459552934807
10.4933469109174
18.4220019585045
17.4348905297294
7.89131278438286
-3.29155545066238
7.73305378337698
19.1608802313233
11.8728779894286
8.61762057583509
0.728991250055168
15.4700920100095
6.60316545929736
14.3425604545594
-1.20159463340646
5.70477917098423
9.0050458930058
10.3925601206053
13.4005613515192
10.2271034382584
12.4933806754781
5.2131563254613
8.97646018833256
7.42511431726733
10.0219075807237
11.4439420523988
2.96907285380205
7.55996136784613
7.99333579227063
11.7689433387065
9.13863419747221
5.97893543479768
10.923666999716
10.2704287558807
4.02291257134157
13.8891907250167
3.86088616028635
