10.2952880351932
7.18960824322404
13.2677767514429
10.2756143733651
13.114494486644
12.1250262894486
12.3799492457688
7.77241540879146
12.3963944552768
4.75038980772798
12.8036367873039
12.5157051310328
11.269969730267
10.4467160963992
14.4082791970651
16.9365206890898
11.947351514693
6.73903536341637
5.12509579556446
12.2059928067436
4.10993363457545
6.52296325000024
7.14035615715328
16.8297111188633
12.7355253352094
9.0168672005047
7.7944533308431
7.50883902706177
7.71208869645356
9.57605149117926
9.92729142073026
6.74730883153084
6.11917677084368
12.6436311446941
13.4299890046657
7.73630120539403
11.9403460355917
14.857694959191
12.6681205370624
13.9143191925437
10.0388576541399
6.85329569523689
8.83898493497096
12.8303258209572
14.127573156081
8.62122082395541
11.0214067169618
9.35082231263011
10.8257259655401
14.0102825514299
12.6509713085756
8.65533586906068
13.2893070938706
10.7191276563939
15.4368086511932
7.78079751952896
13.0077385031314
9.40021623801186
8.26851046818684
2.3734757459303
9.46182627461683
10.2492178720294
10.5384820869015
12.292195990543
12.5926002493514
11.6945293532261
13.3268365772309
13.3752212449711
6.52222031488579
9.3265234445125
14.5048504709666
15.777539684093
7.38771506566455
8.08931336442291
7.52979453423666
5.70291185878983
9.32098105383269
3.5589456547957
7.2228054172295
8.37047886332478
8.0998764922097
8.13875883061073
7.64286010997441
11.0164177502949
11.3461615026971
10.2340646749128
7.07747772964093
12.2078745767163
8.73809754484817
8.76272333768744
10.631014318683
11.1364182977405
5.32396901070404
12.2478455171968
2.84579302507778
9.93262436195511
10.3697377408862
9.2086549592639
11.2597990660525
6.48319628155001
