18.2962801582181
24.3148915118447
14.4130432478198
18.7032629259868
15.858617106787
19.1255054329683
18.0737741130797
18.094006905849
16.3321333134484
18.4544376544522
14.1819300582995
26.5467028227988
20.3853553658342
11.1681859817275
20.5639928127559
6.62647394855478
14.2742687330974
29.2901850829231
31.1963914108504
11.3789780134824
11.4834778696125
17.1243902706888
12.3133337965457
25.0467691339243
21.0976577922416
28.271312745451
12.673505119653
17.7543814792919
23.8698947005892
21.1634872015553
19.6373825212331
15.9793610327876
22.9208724342791
24.378674214169
29.757703899784
15.7866972147288
18.4683321187879
22.1947115788708
23.7323605715812
18.0431735203776
15.7407814329779
24.0039118083314
30.9781378799897
31.6094872631931
17.0449877842573
11.8383425654824
17.1352382032911
14.1803875069057
20.8593483944097
9.78610684797786
27.4335937924923
20.9068328845531
16.2178946336911
24.412717235035
29.5717108976923
18.3991458675367
22.2165352289249
21.220012188254
14.9111852046064
17.6831374455744
22.5434752695641
15.6441496218642
22.4036623436326
9.90777875642359
9.9653954780879
10.2272039470517
11.4852075723244
24.0461658811604
18.8019065706601
22.1949997211795
11.7151961898489
8.91048865669425
17.8230951239486
14.5348942328431
22.1317391610377
15.5193000870597
14.7223726971762
14.0238520675055
19.11843347692
24.8191497681492
18.4085977202892
13.2144965645608
31.3018968216246
12.2654152282948
13.5274956439286
15.4699917055212
0.37710396107326
29.3120352629558
12.7549765587895
17.6261804588316
16.7071095977545
23.2916737276391
7.76862064439045
24.3794930998497
14.2188320560341
15.0576781010654
24.9121478207146
7.71945114963014
12.3190164546572
14.7206123580551
