0.161465234033621
1.39644978952384
5.16129817808097
7.0232765819153
17.0459274651037
8.1746392817244
6.91438638280172
-0.0323878562900388
3.37657853476438
-0.454497072562091
1.75737664251113
2.60136421559365
4.03415066394662
5.40175114550278
-1.64969450586982
5.34684013415256
4.43604993516219
3.08718090063882
0.621839956010579
-6.48309551210839
10.3314422136208
3.13054132237243
1.3006197324526
1.73811573687778
-6.29485960666346
2.27242057901982
1.40757552722679
9.0383882556972
-10.8715547429129
-8.26568778726189
-4.46869159868875
-0.185339564027581
-0.463019735013677
-2.62310084429108
-2.58163112674821
9.88690980611977
-3.01583424608853
-4.27783804922926
-4.57570755992774
7.50017549695939
-9.18357851950129
-1.83372373029921
-6.43773642257224
-11.7838195803024
14.5822482079495
5.61123849051381
6.00973940309676
-1.90587350163968
-3.43932560608069
-6.17621317396595
-1.463367893955
0.662028220368159
0.413507334280055
9.03889761259329
2.05416087319994
14.8998368656192
2.89415575913359
0.641986957188427
8.52471173932524
5.60867971026086
-2.4407349715503
1.84724437838977
-5.84426200458102
-9.53178956702628
-2.96558828411791
-1.33521367104388
1.17231379179411
-6.16712573997728
14.4887369113762
3.40903005877712
-5.26569905389008
1.68905097888738
-9.17439453975134
6.06216162963914
-1.00056015955266
6.00071324172231
-9.14881261180579
1.15107836723783
-13.0020793989346
-2.25271811775811
-3.75171514163675
1.30260086623165
-5.49756850063896
-1.68970887425656
8.57898508885292
4.2454275930739
7.418062469449
-0.186767406106345
0.435514441036911
1.7359722315219
0.798685889556623
6.47022667903366
8.40374377499737
3.01133680686324
5.96764280333828
-0.498368700129977
0.00314268566948339
-1.77352492475153
-2.61099606126384
2.98381881715274
