-5.54419825642328
-1.79268695381442
4.40421328707403
3.59557201475777
0.891189857272219
-0.455110182890829
10.8319419693087
7.27854629077245
-6.81475462311038
1.20434849849095
-3.4772398039879
0.844977544483704
-5.39397141550348
-1.94011196391307
7.00546953213209
-9.25825924923304
12.2724121428745
2.54668505260311
-1.59263605850901
-12.539010358299
-2.68777834751149
-5.77328897707199
-2.81993055447083
1.9893711255168
15.9748529084427
6.36910872112637
2.51461065076266
17.3935665448083
-0.270442569958481
-5.2457575621824
-7.41607342810257
-1.26594373675925
-5.9664713903841
-1.72345811670652
-7.9804489828862
11.0059335119126
4.76635028170499
-7.315967455814
2.66240280736928
7.6178130609555
5.15271846730195
0.822531188356176
7.27038739812782
5.62758391735291
12.0530228670015
9.54354527621791
-3.54468849428176
9.29562734313235
-5.01814594103072
-3.92040673254818
7.48754657426736
0.130460712019498
1.54996347535343
3.96802079564274
-4.6989440043014
12.8885760208267
-0.0753737469504814
5.54235057814968
7.1610252348266
-1.65367977643721
-1.98628372465027
-9.05904992308747
-2.67853991396588
6.39006899113542
2.37104160061401
-5.03383774186247
-9.99065091222008
4.84077088669725
10.6979242959737
5.24503495775935
4.84013646594306
-0.934099750777391
-3.46626032039126
13.4281717062408
2.57052199857186
0.720652884587852
-4.70929665913168
2.11432772534163
8.38566286306291
8.52124488202238
-0.590056921020976
10.0583107599636
19.0449365932014
4.0446466557503
3.28876915719771
16.9219120707123
7.06997626139445
0.154258998516102
12.4334802486648
12.2818748094185
7.72353072274462
-0.0172477695672928
-7.38372417556377
1.15174568373564
19.8825301261377
14.8099583446759
0.315243097110125
-5.95164043811664
1.84735459454261
6.07705186433498
