8.4170506395258
-0.957088910301401
-9.16100936378839
2.2446047266416
7.08973746464519
-6.04146490348236
11.2940689624019
14.0186017017111
9.55867302971999
14.6469100520819
10.1826315969299
-3.86736842197418
5.72784448548333
9.38389059800422
9.95730756806623
13.3538541011754
7.26906421653273
3.29283533147575
-8.58090889039464
7.17867704188094
10.3138105879354
6.79335673159082
7.01874687313252
12.3224764987799
1.46283999678477
-0.556572120164807
7.54729249112336
11.129151218936
8.23504123674033
9.09249410552304
5.08558307455834
-3.19761646444259
12.4961669590005
5.2449715222407
12.7502542244452
6.96613444695424
11.4874697322309
5.34453709795296
1.89933148440581
8.79406873943464
2.38296275245394
5.22582338121688
11.8889792317742
7.86707473838995
9.30474840062476
-7.39707166853711
-0.831560989570382
9.79553197517593
3.51426031958806
13.6444276727531
11.4538397573032
5.01481794773914
10.5490392002538
19.1871373198087
7.21375874256142
9.7545504137177
10.9249629137607
-2.29026836663232
17.8773626646094
5.75939296027737
1.92678008343245
6.49799983988603
1.59029735795722
-1.59273462252821
2.213026973677
0.316300472734956
9.19176557847927
4.18444250646058
3.03592937133644
9.66842077303511
2.98839431806283
8.63528756352445
13.2911632927103
14.1547416306718
-7.50609948814039
8.23052376751716
-2.83943329972482
14.6737941971491
5.81752208565338
7.11040219847927
1.7314423945144
3.28973933466626
3.99011130940778
4.91554555886411
9.09539508433393
-2.51872297408731
8.06186779144834
3.68747427084439
3.63993144087377
3.47160170846874
12.427972457871
5.48659526541849
2.1971596690481
3.74349458928381
5.75325703788536
8.68939755270152
12.3827355110794
4.55630402774652
-2.45362507190283
11.5534928677658
