0.0962077251347169
1.47487494215175
9.84005617514518
5.93684740870179
10.6929011668524
2.76923763716744
13.4357042130644
3.39261219205335
15.1633995867683
15.0213440287945
-9.28113305635382
-0.916331149211461
15.8545789606113
0.456097958411059
-11.6621393385931
3.31853885479875
6.31619192310248
1.10835176204194
13.702107609077
6.74143565190684
2.02173150503948
2.9291322182281
4.86608312655854
5.39487286950563
7.07271045119156
-11.305506269952
15.466148356936
2.14202535529752
5.84576209706831
10.0937330149452
10.0398693601838
11.5668871626693
5.2915508792591
-2.83188240491737
16.8853833482174
20.5551620886212
-7.02184422482579
-1.03053790898101
7.55246360316054
-9.56819410496989
-2.1417533185347
-5.10101012339997
0.382922691879715
15.2902888109399
-0.204497001033316
3.88952151723991
1.90312558773604
2.22980059766978
3.40133218852192
3.02209380634829
11.6614762246217
8.71189974862735
10.4844559017199
-0.364604563298286
13.3038804757112
15.5650045763199
-4.59932975660687
0.521843659551028
4.27527974568979
-4.23420061431734
2.03275139823783
-2.28892030088854
-8.76384611651156
5.03973358949333
2.49078493958796
-6.76528907711048
23.9427044637876
10.0242344330656
3.49137138950148
-5.12157791603812
6.52924560118255
12.2999128870913
1.87613110471012
12.0680608639914
1.08580332925445
14.086096753149
-1.97265373730766
18.8241661443125
5.53043910985289
11.9078663751705
6.73498365859639
0.906548319019072
13.7545567694847
-0.933010260336083
6.28970950657366
1.63943614046303
-7.06500752979565
0.383918679585616
8.4032461983829
-1.71445331576159
-3.24206778653447
4.09551120018821
9.09683582077363
8.6666543460824
0.204547982751926
-0.812074193770414
10.57854738479
-1.5905203640087
7.69722918664204
11.4846117142284
