20.459010807244
26.5712066707319
7.68189115711242
10.8819548311394
11.6137744148259
19.1743096000867
6.20426117749488
18.4598535812309
23.6050017647995
11.4564991178479
2.54391336999204
5.19589802502301
17.7762750534643
9.28162662183014
21.7540381492143
5.6694084771537
17.9762091280895
15.8966127429877
12.7781388103256
4.47166456056911
10.0050928775388
12.3534767862909
22.0303410645368
5.05969235103725
14.9919981987008
12.9177303112027
10.4255683756467
13.4259545855979
16.9659160210649
7.39723058784219
22.8795801988113
-7.11022346634508
10.1277569098094
9.31395783097337
15.1922196627606
14.1163777715638
11.2502865806182
10.4610414677542
16.706388435142
10.5328436837814
8.4313986452283
1.48037073163232
3.85397034395588
11.1614758657655
13.2706922509037
24.6931789941324
2.54672589406503
17.2940056702576
5.21362504730101
21.0889914568899
10.0278705702726
9.04064577605577
0.209424115920148
6.57787965580317
1.97983966683108
18.0555911594745
7.40861151317284
5.04526387282016
13.9702618791507
-1.75767910025117
10.7804388337397
11.2122543417813
11.3307126175717
24.9986454020594
15.204325619414
2.89182217624449
26.2557856873362
11.4785700486784
8.82257776699337
0.590209966320701
12.8397568242391
10.2907324019791
19.5325834302256
6.5510459127612
9.48129168930761
4.60633840229759
19.1023890527927
17.6753142832229
11.865327881541
4.09747531795673
12.384431466471
15.9123535149788
3.36433907045206
17.3294266361702
1.86452870559458
3.7421774669834
11.6288781903813
0.68846566517141
12.1712690177052
18.1676695318511
12.1729667771226
19.1380316341031
12.6405919179704
11.1817272996633
12.38999612975
-6.56391066106777
15.9618938701557
8.96212322173066
13.4500079175566
16.9184768936298
