22.7548546609492
17.5789273207242
12.9779816037372
2.30282885588311
17.6821075696994
18.4193178282381
39.2337674792233
8.72752932795158
30.3821035177638
19.9302529338381
28.6543746471143
11.1677010967568
13.1172536669406
35.8550669143603
25.9462318912673
18.0101823032429
17.2742435762265
21.1371624562087
11.0511245195731
26.5454126471054
16.7849146967612
7.77313651198111
25.8573929344394
15.9322085769139
0.00417381062071698
30.2227916994358
11.868344823282
20.8794309310727
13.7713563779496
18.9276593354868
17.3825062322814
19.8214139110142
24.1345143437789
23.5139754519596
12.9501894864571
18.9031275500652
17.3922194693287
17.407990240946
25.578766617292
17.6221126161327
12.2545781852343
24.4174774897158
14.8178493723729
29.8625230646676
27.3708833168649
34.6515679846145
24.8919050400384
15.3870471126636
21.0258613633878
7.23909071550422
23.7378331143387
6.16153387587457
19.4073486632961
13.8795955176479
23.5277599046866
30.1801475825509
28.584259136517
29.1550007186197
11.6032512627539
20.3060597583444
19.4827479214298
24.5204595920311
24.7836785917987
19.7694885884811
22.0861697571238
22.3729980605319
32.1690926621555
30.2860530781567
28.665014522992
21.14258392058
13.8964259094516
24.8925650007335
21.9440751453373
21.5278884924618
23.2908582464343
11.3247908523798
23.189593888509
13.5539698814926
21.9780512618142
37.5068250892307
20.3804702496099
18.743757532268
20.1127220825721
26.2293009717142
17.7183474243212
14.8633141519804
31.5547393537796
34.4580285273733
9.66363940483679
26.9156116852069
38.0584422864221
25.924383696327
10.78980195052
33.3792762194315
20.1109603462363
15.2402808248134
10.8595351785342
21.5283125678975
20.8390400251998
23.9117580601537
