18.9679384685383
5.09850988944721
0.932411252057635
27.6757967020273
6.9480312765666
-5.71765839596097
20.2020130587037
11.7774733903978
9.39018905397617
15.6964930267244
23.9790752293084
14.6998925288968
-0.256732328064315
2.76829663727102
0.3584084016576
12.0258787678704
0.315652063642039
8.06080294630434
1.32017491919065
16.5711550010757
15.6307920805454
3.80495883493542
3.62728888983776
14.2223001223352
4.17403709939565
6.69589317821287
28.7837975440362
0.449642217862005
-5.03056460207516
20.4684912261823
18.5675732452602
29.5918425495096
3.88569470013509
35.416057281652
23.7282712999172
19.2347096146691
-4.71747283457673
7.05569865031805
12.6627813160517
8.30035362246307
22.4551476472602
5.94107314996588
-3.15071879280153
14.3928193448456
7.09631672001715
13.6134541013464
19.0428410709502
16.9654501348773
11.931588094772
6.60734547366119
8.05584829375143
3.03726639277453
18.5151971876555
12.3216268772528
-1.05693371086968
4.07814568858134
2.0562979034014
6.48572510858854
16.5265272221295
18.4078380057915
-0.687224530671642
19.7416894600011
10.6005161770958
1.56549388653911
8.63847836694415
16.9624060340544
0.740082004069711
14.1812090612192
16.4450629714724
0.764680968847257
17.0252508638068
13.4088065750325
20.0701243611551
3.5873175510811
5.54972339399728
22.5830159541667
25.6239943582058
7.87192272375467
2.38387806477796
10.8608653384764
6.47396030101361
2.47648091907107
17.7660124394359
12.6238135462389
24.194765177386
-0.81692793775192
19.4637558959791
27.3196724775769
17.5539417251883
11.5146272506008
7.55150472136057
11.7481653670426
8.93753446057313
-1.72725755332325
12.7660082251336
21.2185372821614
16.9659223425586
12.4737890936907
5.19391157795423
17.4287759646045
