0.5169708389329
-3.18689774291286
1.44953127671065
0.424182825996807
-0.983896219445835
9.06067153452618
7.12127879074269
3.41718876652078
-1.9032127869955
5.94969849920896
2.3297127529133
-5.50301987885319
-0.830750518806457
6.1495349816217
-1.67412126564426
0.586075844995311
5.53639450396573
2.9939084876538
1.93532180450616
0.783392554814515
6.40235491118829
9.01699403329661
1.00729282926566
1.79863665235419
12.5218325053781
7.74766009099656
-1.67678656597142
5.10425204058592
4.93672865873304
9.70697166838808
-1.27327406907675
2.15580535517236
8.15142406204702
3.24986012591041
0.735742853874367
-3.949345468996
4.46911411503369
11.47621263276
0.932101381184458
7.23538920405828
-3.37386932637697
1.5705674540877
-0.907994917568825
1.74818710649357
6.22910259898682
1.37168417715342
0.93630846404689
8.6731582526416
3.49333021525967
-0.55975409980456
5.77792803338203
-4.62216959936821
1.53948524338844
5.83224855612392
-2.18328807601509
-3.05206567220971
2.57712190292387
2.01332454587659
-2.2061800656284
9.06998767399342
-1.32602708814636
6.68229864359113
6.27842370644305
6.77178401849545
-1.34775454835998
7.10831193537037
12.215765933774
1.11976281586455
1.11711894770125
-2.0864372374019
5.58383604956982
4.36178493387453
5.15727072024764
1.49271361198779
3.91128265935043
14.2180909434162
4.41545232717214
2.39801435818649
3.56366412306046
3.72684903248407
2.06173086051502
-2.59430631474919
-2.1263554251681
3.55532125560985
5.75231006161146
-2.30805171944511
-6.33540115568666
2.55478541530732
4.42707480037484
3.39073762657767
-2.71503536098354
6.45973501732507
3.83408848133121
6.09404686718582
9.42844385370963
2.84400678475797
7.43843759110333
1.89392772955583
3.27621033448073
0.613069567862458
